	0	1	0.8031
	0	50	0.2966
	1	2	0.9608
	1	51	0.5694
	2	3	0.5323
	2	52	0.3566
	3	4	0.8442
	3	53	0.2248
	4	5	0.7029
	4	54	0.5036
	5	6	0.1563
	5	55	0.9291
	6	7	0.7033
	6	56	0.579
	7	8	0.6387
	7	57	0.5283
	8	9	0.9892
	8	58	0.0808
	9	10	0.9821
	9	59	0.7478
	10	11	0.778
	10	60	0.8306
	11	12	0.8639
	11	61	0.8592
	12	13	0.6313
	12	62	0.0243
	13	14	0.7114
	13	63	0.2017
	14	15	0.1925
	14	64	0.8914
	15	16	0.3014
	15	65	0.4767
	16	17	0.2427
	16	66	0.0324
	17	18	0.7779
	17	67	0.1481
	18	19	0.5359
	18	68	0.334
	19	20	0.0791
	19	69	0.8532
	20	21	0.589
	20	70	0.2383
	21	22	0.2029
	21	71	0.0822
	22	23	0.3677
	22	72	0.9511
	23	24	0.0693
	23	73	0.5949
	24	25	0.7958
	24	74	0.2183
	25	26	0.5375
	25	75	0.3239
	26	27	0.4737
	26	76	0.1888
	27	28	0.516
	27	77	0.6469
	28	29	0.1537
	28	78	0.8632
	29	30	0.1652
	29	79	0.7663
	30	31	0.6965
	30	80	0.7767
	31	32	0.0912
	31	81	0.9801
	32	33	0.9622
	32	82	0.5141
	33	34	0.5713
	33	83	0.5562
	34	35	0.1993
	34	84	0.6303
	35	36	0.4803
	35	85	0.23
	36	37	0.1316
	36	86	0.6208
	37	38	0.7329
	37	87	0.6088
	38	39	0.2047
	38	88	0.2309
	39	40	0.2437
	39	89	0.296
	40	41	0.3614
	40	90	0.253
	41	42	0.9782
	41	91	0.8105
	42	43	0.3402
	42	92	0.9299
	43	44	0.5617
	43	93	0.2392
	44	45	0.8261
	44	94	0.1742
	45	46	0.8477
	45	95	0.8746
	46	47	0.5542
	46	96	0.8018
	47	48	0.3066
	47	97	0.3082
	48	49	0.0803
	48	98	0.2195
	49	99	0.6051
	50	51	0.2872
	50	100	0.6912
	51	52	0.7742
	51	101	0.5274
	52	53	0.4176
	52	102	0.209
	53	54	0.3922
	53	103	0.3233
	54	55	0.0803
	54	104	0.6395
	55	56	0.3737
	55	105	0.107
	56	57	0.4896
	56	106	0.9597
	57	58	0.9465
	57	107	0.0508
	58	59	0.8056
	58	108	0.111
	59	60	0.5188
	59	109	0.5581
	60	61	0.3322
	60	110	0.3911
	61	62	0.6713
	61	111	0.4319
	62	63	0.8836
	62	112	0.7641
	63	64	0.8774
	63	113	0.5023
	64	65	0.2928
	64	114	0.8287
	65	66	0.4633
	65	115	0.1503
	66	67	0.2417
	66	116	0.3468
	67	68	0.2453
	67	117	0.7339
	68	69	0.8338
	68	118	0.3341
	69	70	0.8756
	69	119	0.3044
	70	71	0.2569
	70	120	0.239
	71	72	0.028
	71	121	0.2795
	72	73	0.662
	72	122	0.1909
	73	74	0.7302
	73	123	0.0284
	74	75	0.7798
	74	124	0.1557
	75	76	0.0208
	75	125	0.4148
	76	77	0.169
	76	126	0.3787
	77	78	0.8289
	77	127	0.0281
	78	79	0.649
	78	128	0.6757
	79	80	0.535
	79	129	0.7522
	80	81	0.1264
	80	130	0.9993
	81	82	0.6784
	81	131	0.0437
	82	83	0.3795
	82	132	0.6813
	83	84	0.7813
	83	133	0.4159
	84	85	0.857
	84	134	0.9742
	85	86	0.5463
	85	135	0.2578
	86	87	0.8279
	86	136	0.9945
	87	88	0.3937
	87	137	0.1512
	88	89	0.6398
	88	138	0.3778
	89	90	0.3892
	89	139	0.1647
	90	91	0.7302
	90	140	0.577
	91	92	0.8399
	91	141	0.0585
	92	93	0.395
	92	142	0.6375
	93	94	0.5781
	93	143	0.6697
	94	95	0.1326
	94	144	0.8572
	95	96	0.9212
	95	145	0.1374
	96	97	0.4693
	96	146	0.6396
	97	98	0.5689
	97	147	0.1242
	98	99	0.6233
	98	148	0.7673
	99	149	0.9725
	100	101	0.6068
	100	150	0.401
	101	102	0.3206
	101	151	0.2629
	102	103	0.3889
	102	152	0.0439
	103	104	0.1202
	103	153	0.323
	104	105	0.6126
	104	154	0.7776
	105	106	0.2905
	105	155	0.2708
	106	107	0.4975
	106	156	0.3474
	107	108	0.3137
	107	157	0.6238
	108	109	0.2558
	108	158	0.4177
	109	110	0.6713
	109	159	0.1714
	110	111	0.8822
	110	160	0.7129
	111	112	0.9542
	111	161	0.2741
	112	113	0.6243
	112	162	0.5806
	113	114	0.2526
	113	163	0.7191
	114	115	0.9347
	114	164	0.4936
	115	116	0.7888
	115	165	0.2507
	116	117	0.8044
	116	166	0.5014
	117	118	0.9527
	117	167	0.6203
	118	119	0.699
	118	168	0.3107
	119	120	0.9188
	119	169	0.9607
	120	121	0.8264
	120	170	0.4967
	121	122	0.5623
	121	171	0.8998
	122	123	0.4895
	122	172	0.133
	123	124	0.7602
	123	173	0.1484
	124	125	0.0715
	124	174	0.5186
	125	126	0.8909
	125	175	0.6583
	126	127	0.5774
	126	176	0.8865
	127	128	0.496
	127	177	0.3496
	128	129	0.5013
	128	178	0.2614
	129	130	0.673
	129	179	0.931
	130	131	0.7966
	130	180	0.4317
	131	132	0.4084
	131	181	0.0945
	132	133	0.4703
	132	182	0.7836
	133	134	0.9913
	133	183	0.4298
	134	135	0.5415
	134	184	0.893
	135	136	0.9332
	135	185	0.1761
	136	137	0.073
	136	186	0.3203
	137	138	0.8126
	137	187	0.9459
	138	139	0.9269
	138	188	0.9626
	139	140	0.2383
	139	189	0.3947
	140	141	0.3694
	140	190	0.4814
	141	142	0.8175
	141	191	0.9237
	142	143	0.3245
	142	192	0.4647
	143	144	0.1044
	143	193	0.5439
	144	145	0.18
	144	194	0.6794
	145	146	0.9471
	145	195	0.2783
	146	147	0.176
	146	196	0.0338
	147	148	0.9279
	147	197	0.4919
	148	149	0.9697
	148	198	0.0573
	149	199	0.1996
	150	151	0.4062
	150	200	0.2347
	151	152	0.3513
	151	201	0.7233
	152	153	0.5443
	152	202	0.1662
	153	154	0.2236
	153	203	0.1278
	154	155	0.2993
	154	204	0.6825
	155	156	0.8239
	155	205	0.132
	156	157	0.3231
	156	206	0.1287
	157	158	0.0805
	157	207	0.3226
	158	159	0.7944
	158	208	0.822
	159	160	0.137
	159	209	0.9671
	160	161	0.2158
	160	210	0.8427
	161	162	0.5682
	161	211	0.8424
	162	163	0.3184
	162	212	0.5773
	163	164	0.8128
	163	213	0.2848
	164	165	0.0942
	164	214	0.5548
	165	166	0.6701
	165	215	0.9981
	166	167	0.2612
	166	216	0.9137
	167	168	0.9832
	167	217	0.7375
	168	169	0.2224
	168	218	0.0369
	169	170	0.584
	169	219	0.96
	170	171	0.5135
	170	220	0.281
	171	172	0.8653
	171	221	0.1211
	172	173	0.0191
	172	222	0.1961
	173	174	0.2676
	173	223	0.8112
	174	175	0.1031
	174	224	0.88
	175	176	0.4663
	175	225	0.4383
	176	177	0.1676
	176	226	0.3594
	177	178	0.3524
	177	227	0.4848
	178	179	0.2669
	178	228	0.7007
	179	180	0.9152
	179	229	0.7822
	180	181	0.5834
	180	230	0.7275
	181	182	0.1134
	181	231	0.4428
	182	183	0.8869
	182	232	0.1844
	183	184	0.2876
	183	233	0.9513
	184	185	0.7686
	184	234	0.3307
	185	186	0.2918
	185	235	0.647
	186	187	0.0599
	186	236	0.795
	187	188	0.2489
	187	237	0.334
	188	189	0.2569
	188	238	0.5346
	189	190	0.7664
	189	239	0.0512
	190	191	0.663
	190	240	0.3872
	191	192	0.2916
	191	241	0.9325
	192	193	0.6101
	192	242	0.2385
	193	194	0.5252
	193	243	0.1711
	194	195	0.6184
	194	244	0.8747
	195	196	0.0712
	195	245	0.1307
	196	197	0.3669
	196	246	0.8925
	197	198	0.296
	197	247	0.8421
	198	199	0.8328
	198	248	0.4402
	199	249	0.2151
	200	201	0.9548
	200	250	0.9733
	201	202	0.2482
	201	251	0.6557
	202	203	0.1448
	202	252	0.5191
	203	204	0.033
	203	253	0.7075
	204	205	0.9608
	204	254	0.0651
	205	206	0.7892
	205	255	0.7052
	206	207	0.4206
	206	256	0.3883
	207	208	0.9209
	207	257	0.2822
	208	209	0.8263
	208	258	0.0531
	209	210	0.7511
	209	259	0.8304
	210	211	0.317
	210	260	0.8048
	211	212	0.0597
	211	261	0.5028
	212	213	0.3272
	212	262	0.464
	213	214	0.2888
	213	263	0.0132
	214	215	0.7103
	214	264	0.0931
	215	216	0.3905
	215	265	0.2566
	216	217	0.2341
	216	266	0.9586
	217	218	0.1417
	217	267	0.4891
	218	219	0.3318
	218	268	0.7658
	219	220	0.14
	219	269	0.3649
	220	221	0.4539
	220	270	0.3289
	221	222	0.3687
	221	271	0.2471
	222	223	0.2879
	222	272	0.6523
	223	224	0.9823
	223	273	0.6824
	224	225	0.1251
	224	274	0.5189
	225	226	0.9948
	225	275	0.4519
	226	227	0.6898
	226	276	0.0412
	227	228	0.9814
	227	277	0.93
	228	229	0.893
	228	278	0.1087
	229	230	0.0399
	229	279	0.9714
	230	231	0.692
	230	280	0.2326
	231	232	0.9179
	231	281	0.9001
	232	233	0.4495
	232	282	0.5535
	233	234	0.5148
	233	283	0.0469
	234	235	0.4012
	234	284	0.5594
	235	236	0.4761
	235	285	0.5847
	236	237	0.3448
	236	286	0.411
	237	238	0.1657
	237	287	0.705
	238	239	0.3716
	238	288	0.8683
	239	240	0.3518
	239	289	0.4398
	240	241	0.2472
	240	290	0.4039
	241	242	0.7097
	241	291	0.8653
	242	243	0.7796
	242	292	0.1741
	243	244	0.5263
	243	293	0.2558
	244	245	0.8514
	244	294	0.0231
	245	246	0.7542
	245	295	0.8802
	246	247	0.5206
	246	296	0.5429
	247	248	0.4231
	247	297	0.6106
	248	249	0.1038
	248	298	0.958
	249	299	0.2109
	250	251	0.0177
	250	300	0.9615
	251	252	0.2575
	251	301	0.838
	252	253	0.9045
	252	302	0.689
	253	254	0.6086
	253	303	0.2004
	254	255	0.4378
	254	304	0.2426
	255	256	0.7686
	255	305	0.4788
	256	257	0.5552
	256	306	0.4582
	257	258	0.6411
	257	307	0.7817
	258	259	0.288
	258	308	0.6692
	259	260	0.1593
	259	309	0.6112
	260	261	0.7779
	260	310	0.842
	261	262	0.8956
	261	311	0.5946
	262	263	0.018
	262	312	0.0573
	263	264	0.3923
	263	313	0.1872
	264	265	0.4655
	264	314	0.5398
	265	266	0.5555
	265	315	0.8424
	266	267	0.2255
	266	316	0.2238
	267	268	0.2101
	267	317	0.1768
	268	269	0.2457
	268	318	0.6328
	269	270	0.5284
	269	319	0.5666
	270	271	0.5086
	270	320	0.7684
	271	272	0.84
	271	321	0.6082
	272	273	0.7509
	272	322	0.5032
	273	274	0.6607
	273	323	0.1609
	274	275	0.9027
	274	324	0.6736
	275	276	0.9574
	275	325	0.8623
	276	277	0.3108
	276	326	0.6
	277	278	0.5412
	277	327	0.5651
	278	279	0.0912
	278	328	0.8968
	279	280	0.1817
	279	329	0.869
	280	281	0.7833
	280	330	0.114
	281	282	0.7842
	281	331	0.8338
	282	283	0.8754
	282	332	0.7354
	283	284	0.7491
	283	333	0.7911
	284	285	0.1384
	284	334	0.2775
	285	286	0.4228
	285	335	0.217
	286	287	0.865
	286	336	0.5446
	287	288	0.5014
	287	337	0.1868
	288	289	0.0625
	288	338	0.6972
	289	290	0.2
	289	339	0.3041
	290	291	0.2477
	290	340	0.2196
	291	292	0.7083
	291	341	0.9178
	292	293	0.9326
	292	342	0.2358
	293	294	0.8303
	293	343	0.7134
	294	295	0.0662
	294	344	0.0818
	295	296	0.5877
	295	345	0.9481
	296	297	0.9825
	296	346	0.4138
	297	298	0.9646
	297	347	0.1761
	298	299	0.6485
	298	348	0.1717
	299	349	0.3088
	300	301	0.9186
	300	350	0.4061
	301	302	0.3689
	301	351	0.8337
	302	303	0.5424
	302	352	0.2257
	303	304	0.9177
	303	353	0.3572
	304	305	0.9179
	304	354	0.3169
	305	306	0.3284
	305	355	0.2463
	306	307	0.0473
	306	356	0.5931
	307	308	0.6139
	307	357	0.1794
	308	309	0.0449
	308	358	0.9955
	309	310	0.9042
	309	359	0.8323
	310	311	0.9172
	310	360	0.7094
	311	312	0.7621
	311	361	0.7041
	312	313	0.3476
	312	362	0.1167
	313	314	0.765
	313	363	0.2638
	314	315	0.5872
	314	364	0.6658
	315	316	0.8821
	315	365	0.8029
	316	317	0.8195
	316	366	0.9002
	317	318	0.1349
	317	367	0.666
	318	319	0.6333
	318	368	0.961
	319	320	0.6059
	319	369	0.4518
	320	321	0.7927
	320	370	0.5101
	321	322	0.5471
	321	371	0.2102
	322	323	0.8912
	322	372	0.828
	323	324	0.9929
	323	373	0.7677
	324	325	0.7621
	324	374	0.3198
	325	326	0.8926
	325	375	0.1575
	326	327	0.3255
	326	376	0.3463
	327	328	0.567
	327	377	0.6577
	328	329	0.3411
	328	378	0.5859
	329	330	0.1708
	329	379	0.4769
	330	331	0.7916
	330	380	0.9754
	331	332	0.3476
	331	381	0.1024
	332	333	0.9829
	332	382	0.8576
	333	334	0.8102
	333	383	0.4364
	334	335	0.5251
	334	384	0.6536
	335	336	0.3243
	335	385	0.1771
	336	337	0.574
	336	386	0.3816
	337	338	0.9067
	337	387	0.9306
	338	339	0.5202
	338	388	0.7897
	339	340	0.6272
	339	389	0.7573
	340	341	0.1858
	340	390	0.7173
	341	342	0.5731
	341	391	0.8837
	342	343	0.652
	342	392	0.1967
	343	344	0.6231
	343	393	0.6293
	344	345	0.8659
	344	394	0.9867
	345	346	0.7345
	345	395	0.3227
	346	347	0.0997
	346	396	0.6705
	347	348	0.1692
	347	397	0.1976
	348	349	0.3688
	348	398	0.6144
	349	399	0.5177
	350	351	0.8847
	350	400	0.8548
	351	352	0.2734
	351	401	0.3582
	352	353	0.9791
	352	402	0.1491
	353	354	0.3277
	353	403	0.4708
	354	355	0.5595
	354	404	0.0336
	355	356	0.465
	355	405	0.8103
	356	357	0.1092
	356	406	0.4483
	357	358	0.704
	357	407	0.6926
	358	359	0.568
	358	408	0.3146
	359	360	0.735
	359	409	0.4081
	360	361	0.8546
	360	410	0.5686
	361	362	0.0333
	361	411	0.8925
	362	363	0.4865
	362	412	0.591
	363	364	0.9388
	363	413	0.0776
	364	365	0.7713
	364	414	0.4747
	365	366	0.6763
	365	415	0.9643
	366	367	0.6782
	366	416	0.6534
	367	368	0.8311
	367	417	0.5964
	368	369	0.9041
	368	418	0.4014
	369	370	0.2548
	369	419	0.3471
	370	371	0.1771
	370	420	0.7172
	371	372	0.3899
	371	421	0.2515
	372	373	0.7914
	372	422	0.2673
	373	374	0.9912
	373	423	0.8129
	374	375	0.2312
	374	424	0.1385
	375	376	0.6393
	375	425	0.3576
	376	377	0.2882
	376	426	0.8054
	377	378	0.5605
	377	427	0.6454
	378	379	0.2207
	378	428	0.1019
	379	380	0.5921
	379	429	0.2912
	380	381	0.2227
	380	430	0.6196
	381	382	0.9829
	381	431	0.6394
	382	383	0.4486
	382	432	0.8165
	383	384	0.2502
	383	433	0.9287
	384	385	0.4734
	384	434	0.3151
	385	386	0.1436
	385	435	0.4043
	386	387	0.4732
	386	436	0.1029
	387	388	0.7847
	387	437	0.2543
	388	389	0.7076
	388	438	0.8716
	389	390	0.8293
	389	439	0.6812
	390	391	0.6584
	390	440	0.1806
	391	392	0.1557
	391	441	0.6654
	392	393	0.2431
	392	442	0.8508
	393	394	0.7843
	393	443	0.5447
	394	395	0.9367
	394	444	0.1799
	395	396	0.829
	395	445	0.1292
	396	397	0.2043
	396	446	0.8129
	397	398	0.2211
	397	447	0.5677
	398	399	0.9257
	398	448	0.9592
	399	449	0.2042
	400	401	0.3699
	400	450	0.205
	401	402	0.5944
	401	451	0.5561
	402	403	0.5321
	402	452	0.7488
	403	404	0.1715
	403	453	0.5525
	404	405	0.8801
	404	454	0.3629
	405	406	0.8639
	405	455	0.457
	406	407	0.5315
	406	456	0.4064
	407	408	0.6797
	407	457	0.6342
	408	409	0.7891
	408	458	0.8044
	409	410	0.929
	409	459	0.7155
	410	411	0.6502
	410	460	0.7725
	411	412	0.4818
	411	461	0.5469
	412	413	0.2671
	412	462	0.2175
	413	414	0.9458
	413	463	0.7817
	414	415	0.3402
	414	464	0.3433
	415	416	0.7205
	415	465	0.528
	416	417	0.5483
	416	466	0.0947
	417	418	0.827
	417	467	0.182
	418	419	0.5228
	418	468	0.2188
	419	420	0.9388
	419	469	0.307
	420	421	0.653
	420	470	0.887
	421	422	0.0719
	421	471	0.4815
	422	423	0.1791
	422	472	0.5159
	423	424	0.7875
	423	473	0.7234
	424	425	0.46
	424	474	0.2792
	425	426	0.2219
	425	475	0.9984
	426	427	0.628
	426	476	0.1475
	427	428	0.469
	427	477	0.7896
	428	429	0.2557
	428	478	0.73
	429	430	0.1783
	429	479	0.8178
	430	431	0.8276
	430	480	0.5087
	431	432	0.8094
	431	481	0.3821
	432	433	0.4215
	432	482	0.9161
	433	434	0.3359
	433	483	0.3878
	434	435	0.1977
	434	484	0.5697
	435	436	0.284
	435	485	0.1908
	436	437	0.0681
	436	486	0.138
	437	438	0.3277
	437	487	0.1058
	438	439	0.9861
	438	488	0.6754
	439	440	0.6812
	439	489	0.2906
	440	441	0.6577
	440	490	0.4752
	441	442	0.8138
	441	491	0.6412
	442	443	0.7689
	442	492	0.6227
	443	444	0.8977
	443	493	0.3064
	444	445	0.549
	444	494	0.6866
	445	446	0.4236
	445	495	0.9987
	446	447	0.6036
	446	496	0.572
	447	448	0.4595
	447	497	0.7262
	448	449	0.337
	448	498	0.2588
	449	499	0.1079
	450	451	0.8878
	450	500	0.2211
	451	452	0.5915
	451	501	0.955
	452	453	0.6195
	452	502	0.5845
	453	454	0.0682
	453	503	0.7852
	454	455	0.2963
	454	504	0.3623
	455	456	0.4685
	455	505	0.2388
	456	457	0.2229
	456	506	0.7592
	457	458	0.3225
	457	507	0.2671
	458	459	0.8354
	458	508	0.3753
	459	460	0.2264
	459	509	0.4389
	460	461	0.9373
	460	510	0.8734
	461	462	0.9356
	461	511	0.6325
	462	463	0.7271
	462	512	0.8455
	463	464	0.1766
	463	513	0.479
	464	465	0.3971
	464	514	0.3357
	465	466	0.6997
	465	515	0.9141
	466	467	0.1109
	466	516	0.7346
	467	468	0.8138
	467	517	0.6241
	468	469	0.805
	468	518	0.2084
	469	470	0.3806
	469	519	0.0372
	470	471	0.8972
	470	520	0.4824
	471	472	0.4771
	471	521	0.5329
	472	473	0.9567
	472	522	0.9403
	473	474	0.2694
	473	523	0.8447
	474	475	0.1436
	474	524	0.9527
	475	476	0.0524
	475	525	0.2933
	476	477	0.3568
	476	526	0.1523
	477	478	0.1078
	477	527	0.1978
	478	479	0.6612
	478	528	0.4941
	479	480	0.8585
	479	529	0.7225
	480	481	0.9404
	480	530	0.6412
	481	482	0.3691
	481	531	0.0387
	482	483	0.0186
	482	532	0.6634
	483	484	0.0507
	483	533	0.4768
	484	485	0.5934
	484	534	0.483
	485	486	0.0872
	485	535	0.0468
	486	487	0.6093
	486	536	0.8323
	487	488	0.4648
	487	537	0.7407
	488	489	0.367
	488	538	0.4737
	489	490	0.1921
	489	539	0.9654
	490	491	0.7289
	490	540	0.5292
	491	492	0.3206
	491	541	0.7164
	492	493	0.6406
	492	542	0.7459
	493	494	0.4584
	493	543	0.9204
	494	495	0.4457
	494	544	0.373
	495	496	0.3559
	495	545	0.205
	496	497	0.7517
	496	546	0.5252
	497	498	0.1657
	497	547	0.7806
	498	499	0.9345
	498	548	0.0814
	499	549	0.1419
	500	501	0.7393
	500	550	0.6872
	501	502	0.6809
	501	551	0.5389
	502	503	0.6275
	502	552	0.058
	503	504	0.7629
	503	553	0.2125
	504	505	0.9047
	504	554	0.5193
	505	506	0.4429
	505	555	0.0321
	506	507	0.1465
	506	556	0.0771
	507	508	0.4628
	507	557	0.0697
	508	509	0.087
	508	558	0.4031
	509	510	0.23
	509	559	0.1943
	510	511	0.2132
	510	560	0.5748
	511	512	0.7015
	511	561	0.9408
	512	513	0.4498
	512	562	0.435
	513	514	0.8589
	513	563	0.2423
	514	515	0.2074
	514	564	0.7166
	515	516	0.9324
	515	565	0.5084
	516	517	0.6622
	516	566	0.0773
	517	518	0.4102
	517	567	0.5944
	518	519	0.512
	518	568	0.2427
	519	520	0.1387
	519	569	0.6013
	520	521	0.9552
	520	570	0.5964
	521	522	0.377
	521	571	0.2841
	522	523	0.9873
	522	572	0.5576
	523	524	0.6902
	523	573	0.4578
	524	525	0.9672
	524	574	0.3532
	525	526	0.5542
	525	575	0.6948
	526	527	0.5413
	526	576	0.0999
	527	528	0.5358
	527	577	0.4508
	528	529	0.5634
	528	578	0.104
	529	530	0.0864
	529	579	0.6011
	530	531	0.4505
	530	580	0.1948
	531	532	0.8522
	531	581	0.1736
	532	533	0.6729
	532	582	0.7366
	533	534	0.9434
	533	583	0.8518
	534	535	0.7431
	534	584	0.3206
	535	536	0.4279
	535	585	0.2998
	536	537	0.7955
	536	586	0.1187
	537	538	0.1252
	537	587	0.6559
	538	539	0.2714
	538	588	0.6598
	539	540	0.2685
	539	589	0.0431
	540	541	0.7506
	540	590	0.1863
	541	542	0.9767
	541	591	0.5506
	542	543	0.953
	542	592	0.7753
	543	544	0.115
	543	593	0.7468
	544	545	0.5144
	544	594	0.0302
	545	546	0.7705
	545	595	0.022
	546	547	0.7729
	546	596	0.0611
	547	548	0.8325
	547	597	0.2545
	548	549	0.2265
	548	598	0.3127
	549	599	0.0195
	550	551	0.5014
	550	600	0.1476
	551	552	0.9544
	551	601	0.5303
	552	553	0.0517
	552	602	0.89
	553	554	0.7242
	553	603	0.2057
	554	555	0.1385
	554	604	0.9914
	555	556	0.5216
	555	605	0.9526
	556	557	0.6167
	556	606	0.1573
	557	558	0.9335
	557	607	0.5163
	558	559	0.9024
	558	608	0.1412
	559	560	0.0882
	559	609	0.567
	560	561	0.6029
	560	610	0.8425
	561	562	0.1292
	561	611	0.5731
	562	563	0.2755
	562	612	0.8222
	563	564	0.8801
	563	613	0.1312
	564	565	0.7053
	564	614	0.017
	565	566	0.2415
	565	615	0.9792
	566	567	0.5189
	566	616	0.2792
	567	568	0.6115
	567	617	0.0409
	568	569	0.3334
	568	618	0.7965
	569	570	0.5939
	569	619	0.2707
	570	571	0.9903
	570	620	0.0301
	571	572	0.462
	571	621	0.9769
	572	573	0.8025
	572	622	0.1606
	573	574	0.7401
	573	623	0.8622
	574	575	0.2047
	574	624	0.6315
	575	576	0.8201
	575	625	0.4753
	576	577	0.6978
	576	626	0.2481
	577	578	0.9458
	577	627	0.308
	578	579	0.1474
	578	628	0.4026
	579	580	0.0608
	579	629	0.3463
	580	581	0.6648
	580	630	0.5253
	581	582	0.8441
	581	631	0.2753
	582	583	0.9294
	582	632	0.3879
	583	584	0.8799
	583	633	0.5152
	584	585	0.5123
	584	634	0.3945
	585	586	0.9164
	585	635	0.6119
	586	587	0.4796
	586	636	0.4029
	587	588	0.8599
	587	637	0.4558
	588	589	0.2128
	588	638	0.3064
	589	590	0.8086
	589	639	0.6058
	590	591	0.2688
	590	640	0.6364
	591	592	0.2418
	591	641	0.4983
	592	593	0.4793
	592	642	0.0435
	593	594	0.2035
	593	643	0.919
	594	595	0.159
	594	644	0.5457
	595	596	0.8442
	595	645	0.1581
	596	597	0.2063
	596	646	0.4492
	597	598	0.1894
	597	647	0.7618
	598	599	0.1727
	598	648	0.3638
	599	649	0.6732
	600	601	0.2346
	600	650	0.4396
	601	602	0.3071
	601	651	0.0417
	602	603	0.0592
	602	652	0.8902
	603	604	0.3586
	603	653	0.8288
	604	605	0.0453
	604	654	0.9019
	605	606	0.3484
	605	655	0.231
	606	607	0.7815
	606	656	0.7727
	607	608	0.6487
	607	657	0.9451
	608	609	0.7255
	608	658	0.5581
	609	610	0.2219
	609	659	0.3317
	610	611	0.0181
	610	660	0.044
	611	612	0.7632
	611	661	0.8514
	612	613	0.1221
	612	662	0.6057
	613	614	0.2314
	613	663	0.466
	614	615	0.6958
	614	664	0.3629
	615	616	0.3689
	615	665	0.0236
	616	617	0.7727
	616	666	0.445
	617	618	0.0774
	617	667	0.5542
	618	619	0.36
	618	668	0.2713
	619	620	0.6894
	619	669	0.767
	620	621	0.6277
	620	670	0.507
	621	622	0.1539
	621	671	0.0974
	622	623	0.5544
	622	672	0.0664
	623	624	0.9977
	623	673	0.4328
	624	625	0.2167
	624	674	0.7097
	625	626	0.6392
	625	675	0.395
	626	627	0.2514
	626	676	0.1847
	627	628	0.0487
	627	677	0.2594
	628	629	0.3574
	628	678	0.8574
	629	630	0.6044
	629	679	0.9341
	630	631	0.7755
	630	680	0.1617
	631	632	0.8054
	631	681	0.0697
	632	633	0.2175
	632	682	0.6003
	633	634	0.7608
	633	683	0.4131
	634	635	0.5338
	634	684	0.3944
	635	636	0.2808
	635	685	0.9919
	636	637	0.291
	636	686	0.2665
	637	638	0.1608
	637	687	0.1599
	638	639	0.3335
	638	688	0.8407
	639	640	0.809
	639	689	0.056
	640	641	0.7911
	640	690	0.9534
	641	642	0.1841
	641	691	0.3639
	642	643	0.9619
	642	692	0.3437
	643	644	0.2835
	643	693	0.5386
	644	645	0.8825
	644	694	0.0573
	645	646	0.5825
	645	695	0.1485
	646	647	0.7851
	646	696	0.614
	647	648	0.4772
	647	697	0.9746
	648	649	0.2687
	648	698	0.4418
	649	699	0.2837
	650	651	0.8583
	650	700	0.8975
	651	652	0.711
	651	701	0.6149
	652	653	0.4324
	652	702	0.1645
	653	654	0.9248
	653	703	0.5952
	654	655	0.5213
	654	704	0.6791
	655	656	0.8654
	655	705	0.4047
	656	657	0.1129
	656	706	0.2581
	657	658	0.4486
	657	707	0.9496
	658	659	0.5492
	658	708	0.2563
	659	660	0.5879
	659	709	0.809
	660	661	0.5563
	660	710	0.6324
	661	662	0.6756
	661	711	0.5252
	662	663	0.9381
	662	712	0.7245
	663	664	0.82
	663	713	0.6096
	664	665	0.1062
	664	714	0.4173
	665	666	0.3864
	665	715	0.5958
	666	667	0.0986
	666	716	0.0367
	667	668	0.3793
	667	717	0.6191
	668	669	0.7725
	668	718	0.4054
	669	670	0.113
	669	719	0.7119
	670	671	0.1148
	670	720	0.323
	671	672	0.583
	671	721	0.8942
	672	673	0.1429
	672	722	0.6752
	673	674	0.7929
	673	723	0.6401
	674	675	0.399
	674	724	0.3671
	675	676	0.8457
	675	725	0.6313
	676	677	0.5278
	676	726	0.351
	677	678	0.5397
	677	727	0.8946
	678	679	0.2649
	678	728	0.3495
	679	680	0.2717
	679	729	0.633
	680	681	0.6422
	680	730	0.3852
	681	682	0.7446
	681	731	0.6939
	682	683	0.6527
	682	732	0.4491
	683	684	0.3708
	683	733	0.1191
	684	685	0.8227
	684	734	0.9617
	685	686	0.9599
	685	735	0.7083
	686	687	0.278
	686	736	0.6067
	687	688	0.2868
	687	737	0.1129
	688	689	0.3867
	688	738	0.393
	689	690	0.9824
	689	739	0.8539
	690	691	0.1325
	690	740	0.9569
	691	692	0.3547
	691	741	0.3573
	692	693	0.6625
	692	742	0.8599
	693	694	0.9264
	693	743	0.4854
	694	695	0.1578
	694	744	0.7494
	695	696	0.5011
	695	745	0.2931
	696	697	0.5521
	696	746	0.5918
	697	698	0.4058
	697	747	0.3853
	698	699	0.024
	698	748	0.2788
	699	749	0.1392
	700	701	0.7383
	700	750	0.3895
	701	702	0.7944
	701	751	0.0199
	702	703	0.7942
	702	752	0.1697
	703	704	0.1096
	703	753	0.8892
	704	705	0.0771
	704	754	0.5537
	705	706	0.0225
	705	755	0.2347
	706	707	0.6747
	706	756	0.4017
	707	708	0.9036
	707	757	0.1156
	708	709	0.0414
	708	758	0.9273
	709	710	0.5808
	709	759	0.6404
	710	711	0.9703
	710	760	0.9114
	711	712	0.2168
	711	761	0.2978
	712	713	0.9659
	712	762	0.0217
	713	714	0.9773
	713	763	0.2261
	714	715	0.0854
	714	764	0.8013
	715	716	0.2551
	715	765	0.1794
	716	717	0.9337
	716	766	0.7541
	717	718	0.5015
	717	767	0.4683
	718	719	0.0195
	718	768	0.7486
	719	720	0.8241
	719	769	0.4037
	720	721	0.7254
	720	770	0.9721
	721	722	0.4885
	721	771	0.0383
	722	723	0.1256
	722	772	0.3755
	723	724	0.0586
	723	773	0.1598
	724	725	0.5637
	724	774	0.9584
	725	726	0.9636
	725	775	0.0533
	726	727	0.3009
	726	776	0.9129
	727	728	0.3277
	727	777	0.341
	728	729	0.6639
	728	778	0.7319
	729	730	0.3017
	729	779	0.5552
	730	731	0.2102
	730	780	0.5042
	731	732	0.977
	731	781	0.4329
	732	733	0.5842
	732	782	0.8552
	733	734	0.6671
	733	783	0.2457
	734	735	0.6408
	734	784	0.9822
	735	736	0.1286
	735	785	0.3898
	736	737	0.6829
	736	786	0.3229
	737	738	0.7643
	737	787	0.3462
	738	739	0.4483
	738	788	0.2049
	739	740	0.6201
	739	789	0.5585
	740	741	0.5793
	740	790	0.018
	741	742	0.7051
	741	791	0.2921
	742	743	0.2193
	742	792	0.6033
	743	744	0.4332
	743	793	0.932
	744	745	0.1493
	744	794	0.5983
	745	746	0.2895
	745	795	0.0167
	746	747	0.4993
	746	796	0.9408
	747	748	0.0189
	747	797	0.4042
	748	749	0.9352
	748	798	0.5462
	749	799	0.7544
	750	751	0.4462
	750	800	0.6347
	751	752	0.0668
	751	801	0.2108
	752	753	0.4679
	752	802	0.6946
	753	754	0.8316
	753	803	0.2787
	754	755	0.9026
	754	804	0.2792
	755	756	0.8868
	755	805	0.606
	756	757	0.3426
	756	806	0.0836
	757	758	0.5738
	757	807	0.754
	758	759	0.2866
	758	808	0.7866
	759	760	0.4692
	759	809	0.8452
	760	761	0.7385
	760	810	0.1605
	761	762	0.3621
	761	811	0.4975
	762	763	0.4386
	762	812	0.2472
	763	764	0.8933
	763	813	0.3247
	764	765	0.803
	764	814	0.8657
	765	766	0.489
	765	815	0.9201
	766	767	0.664
	766	816	0.7545
	767	768	0.914
	767	817	0.8389
	768	769	0.8284
	768	818	0.9399
	769	770	0.8551
	769	819	0.9477
	770	771	0.5571
	770	820	0.9872
	771	772	0.2897
	771	821	0.6041
	772	773	0.6017
	772	822	0.2396
	773	774	0.1878
	773	823	0.981
	774	775	0.0104
	774	824	0.0607
	775	776	0.1779
	775	825	0.0628
	776	777	0.3575
	776	826	0.1764
	777	778	0.9295
	777	827	0.8689
	778	779	0.3618
	778	828	0.7325
	779	780	0.4746
	779	829	0.4212
	780	781	0.147
	780	830	0.2817
	781	782	0.5924
	781	831	0.3534
	782	783	0.894
	782	832	0.0494
	783	784	0.4241
	783	833	0.4829
	784	785	0.1237
	784	834	0.6945
	785	786	0.0629
	785	835	0.5539
	786	787	0.6907
	786	836	0.1386
	787	788	0.1611
	787	837	0.6204
	788	789	0.8281
	788	838	0.1396
	789	790	0.2967
	789	839	0.3964
	790	791	0.405
	790	840	0.7843
	791	792	0.2688
	791	841	0.274
	792	793	0.2624
	792	842	0.5984
	793	794	0.2681
	793	843	0.1123
	794	795	0.9392
	794	844	0.261
	795	796	0.4337
	795	845	0.6142
	796	797	0.6402
	796	846	0.4489
	797	798	0.5792
	797	847	0.4254
	798	799	0.2503
	798	848	0.9556
	799	849	0.3661
	800	801	0.2711
	800	850	0.2987
	801	802	0.5954
	801	851	0.1188
	802	803	0.0645
	802	852	0.385
	803	804	0.8323
	803	853	0.7942
	804	805	0.9028
	804	854	0.9002
	805	806	0.4443
	805	855	0.951
	806	807	0.2136
	806	856	0.254
	807	808	0.9204
	807	857	0.1205
	808	809	0.985
	808	858	0.0476
	809	810	0.3249
	809	859	0.6012
	810	811	0.4264
	810	860	0.7339
	811	812	0.5607
	811	861	0.2583
	812	813	0.1364
	812	862	0.6524
	813	814	0.3808
	813	863	0.0775
	814	815	0.798
	814	864	0.5655
	815	816	0.1164
	815	865	0.1007
	816	817	0.536
	816	866	0.5074
	817	818	0.2987
	817	867	0.1189
	818	819	0.8783
	818	868	0.7862
	819	820	0.1392
	819	869	0.097
	820	821	0.6262
	820	870	0.0189
	821	822	0.8851
	821	871	0.6824
	822	823	0.2613
	822	872	0.1507
	823	824	0.0175
	823	873	0.1704
	824	825	0.9394
	824	874	0.4894
	825	826	0.7345
	825	875	0.0996
	826	827	0.2793
	826	876	0.0983
	827	828	0.5865
	827	877	0.1045
	828	829	0.6645
	828	878	0.9416
	829	830	0.8881
	829	879	0.4118
	830	831	0.5757
	830	880	0.7059
	831	832	0.0745
	831	881	0.7099
	832	833	0.083
	832	882	0.6358
	833	834	0.8974
	833	883	0.2197
	834	835	0.5888
	834	884	0.4281
	835	836	0.445
	835	885	0.9767
	836	837	0.8485
	836	886	0.6147
	837	838	0.7517
	837	887	0.777
	838	839	0.3292
	838	888	0.03
	839	840	0.349
	839	889	0.6538
	840	841	0.1618
	840	890	0.9157
	841	842	0.2278
	841	891	0.1882
	842	843	0.3972
	842	892	0.8168
	843	844	0.2632
	843	893	0.5174
	844	845	0.0275
	844	894	0.2047
	845	846	0.3437
	845	895	0.0167
	846	847	0.7075
	846	896	0.5415
	847	848	0.4154
	847	897	0.5862
	848	849	0.452
	848	898	0.4764
	849	899	0.1667
	850	851	0.1265
	850	900	0.447
	851	852	0.9724
	851	901	0.1033
	852	853	0.2818
	852	902	0.7442
	853	854	0.2509
	853	903	0.8014
	854	855	0.9545
	854	904	0.5455
	855	856	0.4688
	855	905	0.7677
	856	857	0.3274
	856	906	0.7427
	857	858	0.2116
	857	907	0.7064
	858	859	0.4603
	858	908	0.252
	859	860	0.5834
	859	909	0.1223
	860	861	0.87
	860	910	0.6051
	861	862	0.7927
	861	911	0.8682
	862	863	0.8846
	862	912	0.9803
	863	864	0.7111
	863	913	0.6616
	864	865	0.4929
	864	914	0.4015
	865	866	0.3899
	865	915	0.0424
	866	867	0.2415
	866	916	0.7564
	867	868	0.9997
	867	917	0.5863
	868	869	0.4601
	868	918	0.8608
	869	870	0.0313
	869	919	0.8721
	870	871	0.3775
	870	920	0.7752
	871	872	0.9621
	871	921	0.6
	872	873	0.7267
	872	922	0.1252
	873	874	0.674
	873	923	0.8001
	874	875	0.8248
	874	924	0.8378
	875	876	0.8204
	875	925	0.3132
	876	877	0.8154
	876	926	0.8434
	877	878	0.072
	877	927	0.9531
	878	879	0.3688
	878	928	0.4964
	879	880	0.7727
	879	929	0.0272
	880	881	0.8327
	880	930	0.6132
	881	882	0.6282
	881	931	0.9169
	882	883	0.5234
	882	932	0.9458
	883	884	0.2795
	883	933	0.8073
	884	885	0.9957
	884	934	0.023
	885	886	0.1648
	885	935	0.1602
	886	887	0.4985
	886	936	0.2002
	887	888	0.3283
	887	937	0.4057
	888	889	0.4309
	888	938	0.1935
	889	890	0.9968
	889	939	0.551
	890	891	0.194
	890	940	0.191
	891	892	0.9245
	891	941	0.185
	892	893	0.642
	892	942	0.1577
	893	894	0.7215
	893	943	0.3612
	894	895	0.2444
	894	944	0.412
	895	896	0.5654
	895	945	0.6072
	896	897	0.5423
	896	946	0.1489
	897	898	0.2324
	897	947	0.5107
	898	899	0.0175
	898	948	0.9889
	899	949	0.0977
	900	901	0.9973
	900	950	0.6222
	901	902	0.2991
	901	951	0.2319
	902	903	0.6973
	902	952	0.7923
	903	904	0.5395
	903	953	0.8516
	904	905	0.7927
	904	954	0.1532
	905	906	0.179
	905	955	0.9027
	906	907	0.4903
	906	956	0.8277
	907	908	0.7922
	907	957	0.6349
	908	909	0.768
	908	958	0.3477
	909	910	0.5037
	909	959	0.3565
	910	911	0.1687
	910	960	0.9217
	911	912	0.4227
	911	961	0.032
	912	913	0.7422
	912	962	0.7893
	913	914	0.9786
	913	963	0.1625
	914	915	0.4859
	914	964	0.7295
	915	916	0.3195
	915	965	0.7915
	916	917	0.339
	916	966	0.1317
	917	918	0.0626
	917	967	0.1439
	918	919	0.5511
	918	968	0.9357
	919	920	0.4104
	919	969	0.66
	920	921	0.6741
	920	970	0.7767
	921	922	0.7531
	921	971	0.2635
	922	923	0.3438
	922	972	0.771
	923	924	0.938
	923	973	0.7351
	924	925	0.8851
	924	974	0.9535
	925	926	0.9061
	925	975	0.6575
	926	927	0.2124
	926	976	0.489
	927	928	0.2242
	927	977	0.1711
	928	929	0.2213
	928	978	0.1014
	929	930	0.1603
	929	979	0.2905
	930	931	0.5749
	930	980	0.8907
	931	932	0.2731
	931	981	0.6719
	932	933	0.5932
	932	982	0.5824
	933	934	0.3407
	933	983	0.7299
	934	935	0.8528
	934	984	0.6594
	935	936	0.314
	935	985	0.5676
	936	937	0.416
	936	986	0.3557
	937	938	0.257
	937	987	0.5075
	938	939	0.7098
	938	988	0.5982
	939	940	0.1866
	939	989	0.5286
	940	941	0.6504
	940	990	0.214
	941	942	0.5001
	941	991	0.9046
	942	943	0.1789
	942	992	0.182
	943	944	0.3339
	943	993	0.209
	944	945	0.4522
	944	994	0.6785
	945	946	0.8315
	945	995	0.5499
	946	947	0.3245
	946	996	0.0838
	947	948	0.8522
	947	997	0.192
	948	949	0.605
	948	998	0.6764
	949	999	0.9537
	950	951	0.3927
	950	1000	0.1018
	951	952	0.7745
	951	1001	0.815
	952	953	0.7344
	952	1002	0.1215
	953	954	0.9048
	953	1003	0.8232
	954	955	0.5287
	954	1004	0.5243
	955	956	0.5268
	955	1005	0.6221
	956	957	0.9991
	956	1006	0.7202
	957	958	0.3348
	957	1007	0.9859
	958	959	0.1823
	958	1008	0.9319
	959	960	0.6701
	959	1009	0.933
	960	961	0.3738
	960	1010	0.4625
	961	962	0.4748
	961	1011	0.7135
	962	963	0.2617
	962	1012	0.7195
	963	964	0.898
	963	1013	0.8297
	964	965	0.5069
	964	1014	0.0135
	965	966	0.1086
	965	1015	0.4677
	966	967	0.0967
	966	1016	0.3894
	967	968	0.8776
	967	1017	0.7763
	968	969	0.9779
	968	1018	0.0627
	969	970	0.0484
	969	1019	0.0294
	970	971	0.2159
	970	1020	0.8949
	971	972	0.1133
	971	1021	0.8156
	972	973	0.432
	972	1022	0.8345
	973	974	0.3435
	973	1023	0.7213
	974	975	0.3177
	974	1024	0.2748
	975	976	0.5264
	975	1025	0.2574
	976	977	0.211
	976	1026	0.9656
	977	978	0.5039
	977	1027	0.1263
	978	979	0.5232
	978	1028	0.2449
	979	980	0.5605
	979	1029	0.3632
	980	981	0.8319
	980	1030	0.8069
	981	982	0.7934
	981	1031	0.2301
	982	983	0.3719
	982	1032	0.3155
	983	984	0.8811
	983	1033	0.4395
	984	985	0.3778
	984	1034	0.7156
	985	986	0.5443
	985	1035	0.8777
	986	987	0.7797
	986	1036	0.624
	987	988	0.1821
	987	1037	0.6399
	988	989	0.4376
	988	1038	0.0544
	989	990	0.5827
	989	1039	0.8458
	990	991	0.757
	990	1040	0.0534
	991	992	0.3921
	991	1041	0.3228
	992	993	0.9255
	992	1042	0.3498
	993	994	0.5655
	993	1043	0.213
	994	995	0.1268
	994	1044	0.4592
	995	996	0.3175
	995	1045	0.8473
	996	997	0.2414
	996	1046	0.3213
	997	998	0.4411
	997	1047	0.2007
	998	999	0.599
	998	1048	0.132
	999	1049	0.6371
	1000	1001	0.3536
	1000	1050	0.3341
	1001	1002	0.8326
	1001	1051	0.9438
	1002	1003	0.1776
	1002	1052	0.1437
	1003	1004	0.1059
	1003	1053	0.3284
	1004	1005	0.6322
	1004	1054	0.5223
	1005	1006	0.7594
	1005	1055	0.6866
	1006	1007	0.9672
	1006	1056	0.1575
	1007	1008	0.0771
	1007	1057	0.1509
	1008	1009	0.4732
	1008	1058	0.7305
	1009	1010	0.4994
	1009	1059	0.5456
	1010	1011	0.496
	1010	1060	0.3473
	1011	1012	0.6479
	1011	1061	0.8022
	1012	1013	0.3806
	1012	1062	0.5177
	1013	1014	0.929
	1013	1063	0.4542
	1014	1015	0.2646
	1014	1064	0.8943
	1015	1016	0.8723
	1015	1065	0.1627
	1016	1017	0.8153
	1016	1066	0.7274
	1017	1018	0.5454
	1017	1067	0.6831
	1018	1019	0.8906
	1018	1068	0.0823
	1019	1020	0.6837
	1019	1069	0.8227
	1020	1021	0.7907
	1020	1070	0.4915
	1021	1022	0.5284
	1021	1071	0.2247
	1022	1023	0.7142
	1022	1072	0.6117
	1023	1024	0.5532
	1023	1073	0.5851
	1024	1025	0.3927
	1024	1074	0.0131
	1025	1026	0.8099
	1025	1075	0.3136
	1026	1027	0.4079
	1026	1076	0.5354
	1027	1028	0.972
	1027	1077	0.6738
	1028	1029	0.1082
	1028	1078	0.9759
	1029	1030	0.627
	1029	1079	0.5471
	1030	1031	0.8604
	1030	1080	0.3787
	1031	1032	0.3341
	1031	1081	0.1375
	1032	1033	0.6076
	1032	1082	0.089
	1033	1034	0.8977
	1033	1083	0.2204
	1034	1035	0.0512
	1034	1084	0.4346
	1035	1036	0.1813
	1035	1085	0.3965
	1036	1037	0.2823
	1036	1086	0.7689
	1037	1038	0.4414
	1037	1087	0.5771
	1038	1039	0.1478
	1038	1088	0.8661
	1039	1040	0.1541
	1039	1089	0.9322
	1040	1041	0.5948
	1040	1090	0.4162
	1041	1042	0.2037
	1041	1091	0.7134
	1042	1043	0.4038
	1042	1092	0.2761
	1043	1044	0.9127
	1043	1093	0.7075
	1044	1045	0.5241
	1044	1094	0.0174
	1045	1046	0.1519
	1045	1095	0.5646
	1046	1047	0.5527
	1046	1096	0.4854
	1047	1048	0.1762
	1047	1097	0.9398
	1048	1049	0.5653
	1048	1098	0.7776
	1049	1099	0.9899
	1050	1051	0.7843
	1050	1100	0.7753
	1051	1052	0.5616
	1051	1101	0.8692
	1052	1053	0.9999
	1052	1102	0.6107
	1053	1054	0.1076
	1053	1103	0.5116
	1054	1055	0.7965
	1054	1104	0.2445
	1055	1056	0.1271
	1055	1105	0.7032
	1056	1057	0.2421
	1056	1106	0.824
	1057	1058	0.0655
	1057	1107	0.7892
	1058	1059	0.266
	1058	1108	0.6798
	1059	1060	0.8104
	1059	1109	0.9757
	1060	1061	0.5961
	1060	1110	0.8813
	1061	1062	0.1872
	1061	1111	0.4135
	1062	1063	0.9257
	1062	1112	0.4645
	1063	1064	0.1073
	1063	1113	0.3205
	1064	1065	0.5072
	1064	1114	0.429
	1065	1066	0.5839
	1065	1115	0.9707
	1066	1067	0.1266
	1066	1116	0.2802
	1067	1068	0.7429
	1067	1117	0.0802
	1068	1069	0.8883
	1068	1118	0.175
	1069	1070	0.9559
	1069	1119	0.9894
	1070	1071	0.2061
	1070	1120	0.3453
	1071	1072	0.3154
	1071	1121	0.4039
	1072	1073	0.9264
	1072	1122	0.6742
	1073	1074	0.2845
	1073	1123	0.736
	1074	1075	0.4097
	1074	1124	0.2383
	1075	1076	0.0301
	1075	1125	0.9959
	1076	1077	0.4374
	1076	1126	0.5439
	1077	1078	0.1269
	1077	1127	0.3299
	1078	1079	0.3926
	1078	1128	0.2397
	1079	1080	0.3593
	1079	1129	0.187
	1080	1081	0.6789
	1080	1130	0.7357
	1081	1082	0.3381
	1081	1131	0.4723
	1082	1083	0.5747
	1082	1132	0.1101
	1083	1084	0.0693
	1083	1133	0.5135
	1084	1085	0.0119
	1084	1134	0.5754
	1085	1086	0.7863
	1085	1135	0.9667
	1086	1087	0.037
	1086	1136	0.0622
	1087	1088	0.7878
	1087	1137	0.3218
	1088	1089	0.5758
	1088	1138	0.1281
	1089	1090	0.5403
	1089	1139	0.3429
	1090	1091	0.1311
	1090	1140	0.225
	1091	1092	0.4898
	1091	1141	0.6858
	1092	1093	0.4759
	1092	1142	0.9865
	1093	1094	0.3221
	1093	1143	0.2479
	1094	1095	0.9563
	1094	1144	0.6661
	1095	1096	0.6478
	1095	1145	0.5114
	1096	1097	0.6547
	1096	1146	0.245
	1097	1098	0.1609
	1097	1147	0.0884
	1098	1099	0.2578
	1098	1148	0.1791
	1099	1149	0.8831
	1100	1101	0.834
	1100	1150	0.7678
	1101	1102	0.3977
	1101	1151	0.9575
	1102	1103	0.7883
	1102	1152	0.4598
	1103	1104	0.3474
	1103	1153	0.1159
	1104	1105	0.3893
	1104	1154	0.3347
	1105	1106	0.3063
	1105	1155	0.2574
	1106	1107	0.7648
	1106	1156	0.1643
	1107	1108	0.7023
	1107	1157	0.5933
	1108	1109	0.3303
	1108	1158	0.4388
	1109	1110	0.4259
	1109	1159	0.8538
	1110	1111	0.5129
	1110	1160	0.2043
	1111	1112	0.5798
	1111	1161	0.5984
	1112	1113	0.0963
	1112	1162	0.5522
	1113	1114	0.5446
	1113	1163	0.9747
	1114	1115	0.4899
	1114	1164	0.4406
	1115	1116	0.0238
	1115	1165	0.1642
	1116	1117	0.3528
	1116	1166	0.3389
	1117	1118	0.511
	1117	1167	0.4141
	1118	1119	0.6979
	1118	1168	0.1959
	1119	1120	0.1605
	1119	1169	0.2464
	1120	1121	0.8263
	1120	1170	0.825
	1121	1122	0.9568
	1121	1171	0.9959
	1122	1123	0.1949
	1122	1172	0.3069
	1123	1124	0.7768
	1123	1173	0.9482
	1124	1125	0.4573
	1124	1174	0.099
	1125	1126	0.9604
	1125	1175	0.8781
	1126	1127	0.4587
	1126	1176	0.7295
	1127	1128	0.0502
	1127	1177	0.9066
	1128	1129	0.6758
	1128	1178	0.3668
	1129	1130	0.715
	1129	1179	0.9517
	1130	1131	0.2773
	1130	1180	0.6705
	1131	1132	0.1228
	1131	1181	0.0535
	1132	1133	0.931
	1132	1182	0.031
	1133	1134	0.7731
	1133	1183	0.2647
	1134	1135	0.8538
	1134	1184	0.2649
	1135	1136	0.157
	1135	1185	0.3597
	1136	1137	0.4936
	1136	1186	0.5559
	1137	1138	0.8614
	1137	1187	0.4285
	1138	1139	0.4118
	1138	1188	0.504
	1139	1140	0.7576
	1139	1189	0.7337
	1140	1141	0.2566
	1140	1190	0.3129
	1141	1142	0.1472
	1141	1191	0.4182
	1142	1143	0.6846
	1142	1192	0.4212
	1143	1144	0.7657
	1143	1193	0.4207
	1144	1145	0.1556
	1144	1194	0.2963
	1145	1146	0.5232
	1145	1195	0.2872
	1146	1147	0.4646
	1146	1196	0.6169
	1147	1148	0.087
	1147	1197	0.2023
	1148	1149	0.1603
	1148	1198	0.9135
	1149	1199	0.6594
	1150	1151	0.593
	1150	1200	0.8232
	1151	1152	0.5072
	1151	1201	0.3844
	1152	1153	0.2957
	1152	1202	0.315
	1153	1154	0.5649
	1153	1203	0.0721
	1154	1155	0.278
	1154	1204	0.2172
	1155	1156	0.063
	1155	1205	0.3564
	1156	1157	0.977
	1156	1206	0.5579
	1157	1158	0.6146
	1157	1207	0.823
	1158	1159	0.1952
	1158	1208	0.3784
	1159	1160	0.7517
	1159	1209	0.7669
	1160	1161	0.0402
	1160	1210	0.9789
	1161	1162	0.4566
	1161	1211	0.9568
	1162	1163	0.8073
	1162	1212	0.6699
	1163	1164	0.8112
	1163	1213	0.6156
	1164	1165	0.8436
	1164	1214	0.3205
	1165	1166	0.726
	1165	1215	0.6712
	1166	1167	0.1311
	1166	1216	0.512
	1167	1168	0.384
	1167	1217	0.1146
	1168	1169	0.398
	1168	1218	0.3023
	1169	1170	0.3989
	1169	1219	0.2239
	1170	1171	0.6446
	1170	1220	0.8868
	1171	1172	0.9163
	1171	1221	0.7214
	1172	1173	0.035
	1172	1222	0.9747
	1173	1174	0.8402
	1173	1223	0.6498
	1174	1175	0.2218
	1174	1224	0.1061
	1175	1176	0.4919
	1175	1225	0.5095
	1176	1177	0.1076
	1176	1226	0.3945
	1177	1178	0.8248
	1177	1227	0.9723
	1178	1179	0.2599
	1178	1228	0.4537
	1179	1180	0.8398
	1179	1229	0.9996
	1180	1181	0.3045
	1180	1230	0.7793
	1181	1182	0.0473
	1181	1231	0.8851
	1182	1183	0.2486
	1182	1232	0.8849
	1183	1184	0.8897
	1183	1233	0.9856
	1184	1185	0.8941
	1184	1234	0.2954
	1185	1186	0.3984
	1185	1235	0.0327
	1186	1187	0.401
	1186	1236	0.7283
	1187	1188	0.4219
	1187	1237	0.5848
	1188	1189	0.3024
	1188	1238	0.918
	1189	1190	0.7957
	1189	1239	0.6119
	1190	1191	0.6052
	1190	1240	0.6807
	1191	1192	0.6722
	1191	1241	0.6293
	1192	1193	0.8026
	1192	1242	0.19
	1193	1194	0.2175
	1193	1243	0.3445
	1194	1195	0.7199
	1194	1244	0.1858
	1195	1196	0.2868
	1195	1245	0.3731
	1196	1197	0.3766
	1196	1246	0.3575
	1197	1198	0.3461
	1197	1247	0.2903
	1198	1199	0.8005
	1198	1248	0.3969
	1199	1249	0.6997
	1200	1201	0.6111
	1200	1250	0.1538
	1201	1202	0.9926
	1201	1251	0.0268
	1202	1203	0.867
	1202	1252	0.514
	1203	1204	0.6135
	1203	1253	0.296
	1204	1205	0.7822
	1204	1254	0.1012
	1205	1206	0.7827
	1205	1255	0.123
	1206	1207	0.5277
	1206	1256	0.3627
	1207	1208	0.6572
	1207	1257	0.8128
	1208	1209	0.0175
	1208	1258	0.5559
	1209	1210	0.1801
	1209	1259	0.5586
	1210	1211	0.922
	1210	1260	0.8142
	1211	1212	0.7032
	1211	1261	0.96
	1212	1213	0.6841
	1212	1262	0.4975
	1213	1214	0.8083
	1213	1263	0.9977
	1214	1215	0.358
	1214	1264	0.9035
	1215	1216	0.0733
	1215	1265	0.045
	1216	1217	0.0682
	1216	1266	0.2712
	1217	1218	0.0155
	1217	1267	0.9843
	1218	1219	0.4057
	1218	1268	0.472
	1219	1220	0.1253
	1219	1269	0.4813
	1220	1221	0.8195
	1220	1270	0.1966
	1221	1222	0.7724
	1221	1271	0.1927
	1222	1223	0.0222
	1222	1272	0.5213
	1223	1224	0.3554
	1223	1273	0.4651
	1224	1225	0.6048
	1224	1274	0.6315
	1225	1226	0.1004
	1225	1275	0.3296
	1226	1227	0.3411
	1226	1276	0.4556
	1227	1228	0.5351
	1227	1277	0.8388
	1228	1229	0.7295
	1228	1278	0.2603
	1229	1230	0.2235
	1229	1279	0.6098
	1230	1231	0.0804
	1230	1280	0.3463
	1231	1232	0.7793
	1231	1281	0.1962
	1232	1233	0.2502
	1232	1282	0.1423
	1233	1234	0.9241
	1233	1283	0.9473
	1234	1235	0.8203
	1234	1284	0.7302
	1235	1236	0.8258
	1235	1285	0.3469
	1236	1237	0.5992
	1236	1286	0.5318
	1237	1238	0.215
	1237	1287	0.1471
	1238	1239	0.5158
	1238	1288	0.7585
	1239	1240	0.8775
	1239	1289	0.6099
	1240	1241	0.5647
	1240	1290	0.814
	1241	1242	0.9398
	1241	1291	0.8463
	1242	1243	0.0612
	1242	1292	0.1776
	1243	1244	0.6231
	1243	1293	0.6714
	1244	1245	0.4382
	1244	1294	0.8157
	1245	1246	0.6152
	1245	1295	0.7631
	1246	1247	0.9146
	1246	1296	0.2613
	1247	1248	0.2001
	1247	1297	0.1413
	1248	1249	0.0402
	1248	1298	0.1181
	1249	1299	0.098
	1250	1251	0.013
	1250	1300	0.325
	1251	1252	0.2702
	1251	1301	0.8163
	1252	1253	0.3916
	1252	1302	0.9907
	1253	1254	0.4551
	1253	1303	0.4242
	1254	1255	0.3286
	1254	1304	0.6153
	1255	1256	0.2326
	1255	1305	0.2436
	1256	1257	0.6322
	1256	1306	0.3071
	1257	1258	0.8178
	1257	1307	0.2296
	1258	1259	0.619
	1258	1308	0.5135
	1259	1260	0.5602
	1259	1309	0.888
	1260	1261	0.5074
	1260	1310	0.4884
	1261	1262	0.2186
	1261	1311	0.8653
	1262	1263	0.2832
	1262	1312	0.4125
	1263	1264	0.0761
	1263	1313	0.9273
	1264	1265	0.3713
	1264	1314	0.4677
	1265	1266	0.9064
	1265	1315	0.8933
	1266	1267	0.6567
	1266	1316	0.0183
	1267	1268	0.8727
	1267	1317	0.2744
	1268	1269	0.4641
	1268	1318	0.2819
	1269	1270	0.4398
	1269	1319	0.0486
	1270	1271	0.069
	1270	1320	0.4303
	1271	1272	0.9067
	1271	1321	0.8659
	1272	1273	0.6396
	1272	1322	0.8923
	1273	1274	0.8098
	1273	1323	0.9149
	1274	1275	0.1886
	1274	1324	0.7509
	1275	1276	0.7847
	1275	1325	0.0641
	1276	1277	0.9795
	1276	1326	0.6254
	1277	1278	0.0405
	1277	1327	0.5671
	1278	1279	0.1317
	1278	1328	0.6121
	1279	1280	0.2462
	1279	1329	0.3581
	1280	1281	0.2259
	1280	1330	0.461
	1281	1282	0.4734
	1281	1331	0.7646
	1282	1283	0.0474
	1282	1332	0.1162
	1283	1284	0.8396
	1283	1333	0.7011
	1284	1285	0.012
	1284	1334	0.4291
	1285	1286	0.6005
	1285	1335	0.2698
	1286	1287	0.1662
	1286	1336	0.4704
	1287	1288	0.1751
	1287	1337	0.5651
	1288	1289	0.4058
	1288	1338	0.0717
	1289	1290	0.5961
	1289	1339	0.7916
	1290	1291	0.5189
	1290	1340	0.5219
	1291	1292	0.1939
	1291	1341	0.8007
	1292	1293	0.7307
	1292	1342	0.4642
	1293	1294	0.5647
	1293	1343	0.0454
	1294	1295	0.1471
	1294	1344	0.2287
	1295	1296	0.903
	1295	1345	0.0608
	1296	1297	0.1953
	1296	1346	0.3437
	1297	1298	0.8993
	1297	1347	0.8334
	1298	1299	0.7614
	1298	1348	0.9277
	1299	1349	0.4348
	1300	1301	0.4649
	1300	1350	0.3979
	1301	1302	0.1316
	1301	1351	0.02
	1302	1303	0.2755
	1302	1352	0.0175
	1303	1304	0.4492
	1303	1353	0.2251
	1304	1305	0.2201
	1304	1354	0.3677
	1305	1306	0.7477
	1305	1355	0.6594
	1306	1307	0.1233
	1306	1356	0.4037
	1307	1308	0.6618
	1307	1357	0.8157
	1308	1309	0.7167
	1308	1358	0.5083
	1309	1310	0.496
	1309	1359	0.4302
	1310	1311	0.4724
	1310	1360	0.7678
	1311	1312	0.8079
	1311	1361	0.1274
	1312	1313	0.2096
	1312	1362	0.1974
	1313	1314	0.3581
	1313	1363	0.8898
	1314	1315	0.9163
	1314	1364	0.2455
	1315	1316	0.0365
	1315	1365	0.1719
	1316	1317	0.7052
	1316	1366	0.93
	1317	1318	0.3972
	1317	1367	0.4391
	1318	1319	0.9595
	1318	1368	0.8724
	1319	1320	0.838
	1319	1369	0.3348
	1320	1321	0.9051
	1320	1370	0.734
	1321	1322	0.5792
	1321	1371	0.8565
	1322	1323	0.5359
	1322	1372	0.2977
	1323	1324	0.6515
	1323	1373	0.8168
	1324	1325	0.6594
	1324	1374	0.5338
	1325	1326	0.4509
	1325	1375	0.0135
	1326	1327	0.0168
	1326	1376	0.0844
	1327	1328	0.8219
	1327	1377	0.9401
	1328	1329	0.2099
	1328	1378	0.7296
	1329	1330	0.6022
	1329	1379	0.7989
	1330	1331	0.0492
	1330	1380	0.9554
	1331	1332	0.2042
	1331	1381	0.066
	1332	1333	0.6959
	1332	1382	0.4276
	1333	1334	0.0364
	1333	1383	0.2421
	1334	1335	0.6285
	1334	1384	0.554
	1335	1336	0.9427
	1335	1385	0.485
	1336	1337	0.7976
	1336	1386	0.8659
	1337	1338	0.0993
	1337	1387	0.1582
	1338	1339	0.1278
	1338	1388	0.1692
	1339	1340	0.6967
	1339	1389	0.3326
	1340	1341	0.569
	1340	1390	0.0895
	1341	1342	0.6274
	1341	1391	0.882
	1342	1343	0.6463
	1342	1392	0.3907
	1343	1344	0.2952
	1343	1393	0.8888
	1344	1345	0.015
	1344	1394	0.3305
	1345	1346	0.4898
	1345	1395	0.9946
	1346	1347	0.1726
	1346	1396	0.2064
	1347	1348	0.836
	1347	1397	0.153
	1348	1349	0.0927
	1348	1398	0.3163
	1349	1399	0.2479
	1350	1351	0.3082
	1350	1400	0.3107
	1351	1352	0.4586
	1351	1401	0.6408
	1352	1353	0.0764
	1352	1402	0.859
	1353	1354	0.498
	1353	1403	0.2632
	1354	1355	0.8467
	1354	1404	0.9727
	1355	1356	0.2078
	1355	1405	0.5547
	1356	1357	0.0706
	1356	1406	0.6264
	1357	1358	0.8492
	1357	1407	0.2871
	1358	1359	0.453
	1358	1408	0.0343
	1359	1360	0.332
	1359	1409	0.9233
	1360	1361	0.669
	1360	1410	0.6284
	1361	1362	0.456
	1361	1411	0.2994
	1362	1363	0.7941
	1362	1412	0.9009
	1363	1364	0.123
	1363	1413	0.6462
	1364	1365	0.0457
	1364	1414	0.4758
	1365	1366	0.7084
	1365	1415	0.6867
	1366	1367	0.0148
	1366	1416	0.2216
	1367	1368	0.769
	1367	1417	0.9266
	1368	1369	0.654
	1368	1418	0.6639
	1369	1370	0.8515
	1369	1419	0.9417
	1370	1371	0.6222
	1370	1420	0.6959
	1371	1372	0.8761
	1371	1421	0.6946
	1372	1373	0.5072
	1372	1422	0.1358
	1373	1374	0.6295
	1373	1423	0.2177
	1374	1375	0.1204
	1374	1424	0.527
	1375	1376	0.5804
	1375	1425	0.3808
	1376	1377	0.3465
	1376	1426	0.788
	1377	1378	0.2183
	1377	1427	0.5106
	1378	1379	0.3199
	1378	1428	0.9919
	1379	1380	0.4965
	1379	1429	0.4977
	1380	1381	0.2009
	1380	1430	0.8245
	1381	1382	0.2404
	1381	1431	0.7314
	1382	1383	0.2475
	1382	1432	0.1563
	1383	1384	0.7534
	1383	1433	0.9662
	1384	1385	0.475
	1384	1434	0.5037
	1385	1386	0.7899
	1385	1435	0.4669
	1386	1387	0.9145
	1386	1436	0.323
	1387	1388	0.6106
	1387	1437	0.944
	1388	1389	0.5491
	1388	1438	0.7396
	1389	1390	0.1361
	1389	1439	0.2906
	1390	1391	0.2479
	1390	1440	0.8127
	1391	1392	0.2816
	1391	1441	0.9035
	1392	1393	0.7071
	1392	1442	0.6992
	1393	1394	0.0993
	1393	1443	0.6683
	1394	1395	0.2976
	1394	1444	0.7526
	1395	1396	0.3403
	1395	1445	0.5687
	1396	1397	0.2455
	1396	1446	0.4253
	1397	1398	0.2601
	1397	1447	0.9445
	1398	1399	0.8428
	1398	1448	0.8496
	1399	1449	0.1298
	1400	1401	0.1402
	1400	1450	0.9924
	1401	1402	0.7104
	1401	1451	0.2449
	1402	1403	0.065
	1402	1452	0.173
	1403	1404	0.4872
	1403	1453	0.7599
	1404	1405	0.4089
	1404	1454	0.0845
	1405	1406	0.2014
	1405	1455	0.5532
	1406	1407	0.2355
	1406	1456	0.8239
	1407	1408	0.9807
	1407	1457	0.9724
	1408	1409	0.1699
	1408	1458	0.9561
	1409	1410	0.1264
	1409	1459	0.0562
	1410	1411	0.9423
	1410	1460	0.265
	1411	1412	0.6409
	1411	1461	0.6783
	1412	1413	0.3818
	1412	1462	0.4183
	1413	1414	0.5259
	1413	1463	0.0832
	1414	1415	0.2028
	1414	1464	0.5242
	1415	1416	0.9902
	1415	1465	0.0962
	1416	1417	0.2064
	1416	1466	0.5912
	1417	1418	0.2351
	1417	1467	0.2316
	1418	1419	0.6873
	1418	1468	0.288
	1419	1420	0.3054
	1419	1469	0.076
	1420	1421	0.241
	1420	1470	0.8062
	1421	1422	0.7439
	1421	1471	0.5843
	1422	1423	0.4619
	1422	1472	0.5975
	1423	1424	0.804
	1423	1473	0.5756
	1424	1425	0.1168
	1424	1474	0.8744
	1425	1426	0.2592
	1425	1475	0.4383
	1426	1427	0.1383
	1426	1476	0.2163
	1427	1428	0.6144
	1427	1477	0.6324
	1428	1429	0.0667
	1428	1478	0.7353
	1429	1430	0.7029
	1429	1479	0.5403
	1430	1431	0.4834
	1430	1480	0.6411
	1431	1432	0.647
	1431	1481	0.3188
	1432	1433	0.2584
	1432	1482	0.7098
	1433	1434	0.711
	1433	1483	0.6813
	1434	1435	0.1522
	1434	1484	0.1524
	1435	1436	0.2539
	1435	1485	0.18
	1436	1437	0.8197
	1436	1486	0.6224
	1437	1438	0.6689
	1437	1487	0.3311
	1438	1439	0.5982
	1438	1488	0.9179
	1439	1440	0.2748
	1439	1489	0.7518
	1440	1441	0.4077
	1440	1490	0.5393
	1441	1442	0.0501
	1441	1491	0.9465
	1442	1443	0.6557
	1442	1492	0.1379
	1443	1444	0.9801
	1443	1493	0.7859
	1444	1445	0.6779
	1444	1494	0.3485
	1445	1446	0.6313
	1445	1495	0.2425
	1446	1447	0.1459
	1446	1496	0.0222
	1447	1448	0.0367
	1447	1497	0.1271
	1448	1449	0.1462
	1448	1498	0.2998
	1449	1499	0.6812
	1450	1451	0.2266
	1450	1500	0.9397
	1451	1452	0.9844
	1451	1501	0.42
	1452	1453	0.5632
	1452	1502	0.2337
	1453	1454	0.8736
	1453	1503	0.6901
	1454	1455	0.574
	1454	1504	0.2047
	1455	1456	0.3553
	1455	1505	0.8798
	1456	1457	0.4071
	1456	1506	0.0576
	1457	1458	0.8455
	1457	1507	0.141
	1458	1459	0.8625
	1458	1508	0.4104
	1459	1460	0.9804
	1459	1509	0.317
	1460	1461	0.3805
	1460	1510	0.1878
	1461	1462	0.6629
	1461	1511	0.0134
	1462	1463	0.4445
	1462	1512	0.2994
	1463	1464	0.0313
	1463	1513	0.3055
	1464	1465	0.751
	1464	1514	0.5137
	1465	1466	0.9668
	1465	1515	0.3485
	1466	1467	0.4475
	1466	1516	0.1619
	1467	1468	0.5607
	1467	1517	0.8053
	1468	1469	0.3068
	1468	1518	0.0401
	1469	1470	0.72
	1469	1519	0.1757
	1470	1471	0.3144
	1470	1520	0.8977
	1471	1472	0.8591
	1471	1521	0.6686
	1472	1473	0.8593
	1472	1522	0.3498
	1473	1474	0.5277
	1473	1523	0.4253
	1474	1475	0.044
	1474	1524	0.3343
	1475	1476	0.4893
	1475	1525	0.8583
	1476	1477	0.6839
	1476	1526	0.034
	1477	1478	0.6144
	1477	1527	0.5075
	1478	1479	0.9244
	1478	1528	0.8081
	1479	1480	0.0299
	1479	1529	0.3486
	1480	1481	0.7342
	1480	1530	0.1423
	1481	1482	0.2225
	1481	1531	0.6028
	1482	1483	0.2401
	1482	1532	0.8385
	1483	1484	0.8694
	1483	1533	0.0818
	1484	1485	0.3112
	1484	1534	0.2753
	1485	1486	0.3034
	1485	1535	0.0964
	1486	1487	0.6498
	1486	1536	0.4144
	1487	1488	0.1667
	1487	1537	0.2555
	1488	1489	0.8057
	1488	1538	0.4256
	1489	1490	0.9731
	1489	1539	0.5123
	1490	1491	0.9707
	1490	1540	0.9658
	1491	1492	0.5724
	1491	1541	0.2277
	1492	1493	0.9445
	1492	1542	0.7282
	1493	1494	0.1332
	1493	1543	0.6463
	1494	1495	0.6807
	1494	1544	0.931
	1495	1496	0.5414
	1495	1545	0.0966
	1496	1497	0.8904
	1496	1546	0.1479
	1497	1498	0.6578
	1497	1547	0.3556
	1498	1499	0.6529
	1498	1548	0.6808
	1499	1549	0.9188
	1500	1501	0.4749
	1500	1550	0.6351
	1501	1502	0.5331
	1501	1551	0.4841
	1502	1503	0.7843
	1502	1552	0.0689
	1503	1504	0.4059
	1503	1553	0.9533
	1504	1505	0.401
	1504	1554	0.9081
	1505	1506	0.248
	1505	1555	0.4884
	1506	1507	0.8923
	1506	1556	0.3936
	1507	1508	0.5398
	1507	1557	0.5586
	1508	1509	0.8481
	1508	1558	0.9172
	1509	1510	0.7366
	1509	1559	0.4833
	1510	1511	0.9355
	1510	1560	0.5947
	1511	1512	0.6855
	1511	1561	0.4035
	1512	1513	0.3916
	1512	1562	0.9135
	1513	1514	0.8805
	1513	1563	0.1975
	1514	1515	0.7716
	1514	1564	0.119
	1515	1516	0.7303
	1515	1565	0.429
	1516	1517	0.0358
	1516	1566	0.4174
	1517	1518	0.1667
	1517	1567	0.6019
	1518	1519	0.8768
	1518	1568	0.9043
	1519	1520	0.2677
	1519	1569	0.0963
	1520	1521	0.2837
	1520	1570	0.7447
	1521	1522	0.7289
	1521	1571	0.6857
	1522	1523	0.8496
	1522	1572	0.0499
	1523	1524	0.0938
	1523	1573	0.6874
	1524	1525	0.6688
	1524	1574	0.4426
	1525	1526	0.8569
	1525	1575	0.6523
	1526	1527	0.1704
	1526	1576	0.0766
	1527	1528	0.1827
	1527	1577	0.4782
	1528	1529	0.4814
	1528	1578	0.1021
	1529	1530	0.2638
	1529	1579	0.8022
	1530	1531	0.8436
	1530	1580	0.427
	1531	1532	0.8947
	1531	1581	0.7711
	1532	1533	0.5431
	1532	1582	0.3408
	1533	1534	0.3366
	1533	1583	0.2355
	1534	1535	0.1897
	1534	1584	0.7203
	1535	1536	0.826
	1535	1585	0.3645
	1536	1537	0.8117
	1536	1586	0.2402
	1537	1538	0.4125
	1537	1587	0.2683
	1538	1539	0.6377
	1538	1588	0.2192
	1539	1540	0.7306
	1539	1589	0.4377
	1540	1541	0.2079
	1540	1590	0.8318
	1541	1542	0.373
	1541	1591	0.6761
	1542	1543	0.0945
	1542	1592	0.4378
	1543	1544	0.4823
	1543	1593	0.4651
	1544	1545	0.4166
	1544	1594	0.9823
	1545	1546	0.7009
	1545	1595	0.8359
	1546	1547	0.4541
	1546	1596	0.8553
	1547	1548	0.7861
	1547	1597	0.7313
	1548	1549	0.0117
	1548	1598	0.5148
	1549	1599	0.3346
	1550	1551	0.5746
	1550	1600	0.0769
	1551	1552	0.9225
	1551	1601	0.1302
	1552	1553	0.0943
	1552	1602	0.1154
	1553	1554	0.5742
	1553	1603	0.8829
	1554	1555	0.957
	1554	1604	0.0176
	1555	1556	0.4838
	1555	1605	0.0867
	1556	1557	0.8342
	1556	1606	0.7254
	1557	1558	0.4513
	1557	1607	0.3018
	1558	1559	0.0372
	1558	1608	0.952
	1559	1560	0.5414
	1559	1609	0.3121
	1560	1561	0.97
	1560	1610	0.9592
	1561	1562	0.6771
	1561	1611	0.6399
	1562	1563	0.9501
	1562	1612	0.7096
	1563	1564	0.0199
	1563	1613	0.6213
	1564	1565	0.2354
	1564	1614	0.587
	1565	1566	0.4344
	1565	1615	0.4689
	1566	1567	0.609
	1566	1616	0.2923
	1567	1568	0.1253
	1567	1617	0.6937
	1568	1569	0.7001
	1568	1618	0.3895
	1569	1570	0.2003
	1569	1619	0.0913
	1570	1571	0.6319
	1570	1620	0.1165
	1571	1572	0.3125
	1571	1621	0.9127
	1572	1573	0.2815
	1572	1622	0.2111
	1573	1574	0.9844
	1573	1623	0.9096
	1574	1575	0.1513
	1574	1624	0.6778
	1575	1576	0.9909
	1575	1625	0.6599
	1576	1577	0.8037
	1576	1626	0.871
	1577	1578	0.2307
	1577	1627	0.4805
	1578	1579	0.1608
	1578	1628	0.169
	1579	1580	0.8809
	1579	1629	0.6607
	1580	1581	0.0497
	1580	1630	0.1913
	1581	1582	0.3651
	1581	1631	0.1341
	1582	1583	0.4171
	1582	1632	0.5236
	1583	1584	0.877
	1583	1633	0.2741
	1584	1585	0.2887
	1584	1634	0.0328
	1585	1586	0.044
	1585	1635	0.7307
	1586	1587	0.0369
	1586	1636	0.2276
	1587	1588	0.1586
	1587	1637	0.5124
	1588	1589	0.6721
	1588	1638	0.6396
	1589	1590	0.3617
	1589	1639	0.5629
	1590	1591	0.7939
	1590	1640	0.6333
	1591	1592	0.8429
	1591	1641	0.0493
	1592	1593	0.9068
	1592	1642	0.6706
	1593	1594	0.3052
	1593	1643	0.9976
	1594	1595	0.0111
	1594	1644	0.7769
	1595	1596	0.5541
	1595	1645	0.0965
	1596	1597	0.9448
	1596	1646	0.9818
	1597	1598	0.211
	1597	1647	0.0827
	1598	1599	0.8118
	1598	1648	0.6245
	1599	1649	0.6464
	1600	1601	0.8304
	1600	1650	0.2567
	1601	1602	0.0796
	1601	1651	0.8918
	1602	1603	0.1902
	1602	1652	0.0607
	1603	1604	0.6733
	1603	1653	0.0216
	1604	1605	0.4116
	1604	1654	0.358
	1605	1606	0.784
	1605	1655	0.1124
	1606	1607	0.9107
	1606	1656	0.1366
	1607	1608	0.7492
	1607	1657	0.0799
	1608	1609	0.747
	1608	1658	0.4856
	1609	1610	0.7505
	1609	1659	0.1844
	1610	1611	0.9994
	1610	1660	0.7399
	1611	1612	0.6216
	1611	1661	0.6438
	1612	1613	0.2494
	1612	1662	0.7847
	1613	1614	0.9486
	1613	1663	0.9442
	1614	1615	0.8323
	1614	1664	0.931
	1615	1616	0.1227
	1615	1665	0.1192
	1616	1617	0.467
	1616	1666	0.6328
	1617	1618	0.0194
	1617	1667	0.4812
	1618	1619	0.9131
	1618	1668	0.1739
	1619	1620	0.1732
	1619	1669	0.9514
	1620	1621	0.6426
	1620	1670	0.1119
	1621	1622	0.3325
	1621	1671	0.0685
	1622	1623	0.5718
	1622	1672	0.4278
	1623	1624	0.6922
	1623	1673	0.7019
	1624	1625	0.0918
	1624	1674	0.7558
	1625	1626	0.7928
	1625	1675	0.3429
	1626	1627	0.9919
	1626	1676	0.2466
	1627	1628	0.6109
	1627	1677	0.0133
	1628	1629	0.9659
	1628	1678	0.3982
	1629	1630	0.2163
	1629	1679	0.2794
	1630	1631	0.4258
	1630	1680	0.0503
	1631	1632	0.6983
	1631	1681	0.3423
	1632	1633	0.7753
	1632	1682	0.2212
	1633	1634	0.9839
	1633	1683	0.5273
	1634	1635	0.5046
	1634	1684	0.077
	1635	1636	0.8858
	1635	1685	0.388
	1636	1637	0.8319
	1636	1686	0.6146
	1637	1638	0.5512
	1637	1687	0.6581
	1638	1639	0.0254
	1638	1688	0.9077
	1639	1640	0.2193
	1639	1689	0.3465
	1640	1641	0.3553
	1640	1690	0.7071
	1641	1642	0.3519
	1641	1691	0.2855
	1642	1643	0.5408
	1642	1692	0.3254
	1643	1644	0.6774
	1643	1693	0.3914
	1644	1645	0.3638
	1644	1694	0.0308
	1645	1646	0.0507
	1645	1695	0.2631
	1646	1647	0.3915
	1646	1696	0.7083
	1647	1648	0.8878
	1647	1697	0.4714
	1648	1649	0.8778
	1648	1698	0.7676
	1649	1699	0.0636
	1650	1651	0.6807
	1650	1700	0.3724
	1651	1652	0.3989
	1651	1701	0.0737
	1652	1653	0.983
	1652	1702	0.0823
	1653	1654	0.1429
	1653	1703	0.4875
	1654	1655	0.6815
	1654	1704	0.7028
	1655	1656	0.6846
	1655	1705	0.5211
	1656	1657	0.7341
	1656	1706	0.111
	1657	1658	0.9595
	1657	1707	0.1701
	1658	1659	0.0916
	1658	1708	0.1474
	1659	1660	0.4306
	1659	1709	0.4332
	1660	1661	0.4351
	1660	1710	0.2228
	1661	1662	0.7965
	1661	1711	0.7255
	1662	1663	0.1186
	1662	1712	0.4986
	1663	1664	0.8677
	1663	1713	0.5025
	1664	1665	0.9073
	1664	1714	0.4675
	1665	1666	0.6521
	1665	1715	0.8054
	1666	1667	0.1578
	1666	1716	0.1772
	1667	1668	0.9188
	1667	1717	0.0354
	1668	1669	0.2231
	1668	1718	0.2487
	1669	1670	0.794
	1669	1719	0.6926
	1670	1671	0.1276
	1670	1720	0.963
	1671	1672	0.7014
	1671	1721	0.6806
	1672	1673	0.316
	1672	1722	0.3966
	1673	1674	0.7133
	1673	1723	0.1793
	1674	1675	0.2387
	1674	1724	0.1263
	1675	1676	0.1919
	1675	1725	0.6976
	1676	1677	0.3819
	1676	1726	0.7017
	1677	1678	0.6556
	1677	1727	0.2916
	1678	1679	0.5347
	1678	1728	0.4139
	1679	1680	0.2544
	1679	1729	0.9675
	1680	1681	0.6024
	1680	1730	0.3496
	1681	1682	0.4403
	1681	1731	0.968
	1682	1683	0.4043
	1682	1732	0.219
	1683	1684	0.4108
	1683	1733	0.9665
	1684	1685	0.3328
	1684	1734	0.2542
	1685	1686	0.0516
	1685	1735	0.1163
	1686	1687	0.6006
	1686	1736	0.5923
	1687	1688	0.2412
	1687	1737	0.6513
	1688	1689	0.3531
	1688	1738	0.79
	1689	1690	0.9457
	1689	1739	0.9013
	1690	1691	0.4648
	1690	1740	0.5459
	1691	1692	0.0854
	1691	1741	0.3183
	1692	1693	0.8907
	1692	1742	0.8898
	1693	1694	0.8224
	1693	1743	0.4376
	1694	1695	0.7417
	1694	1744	0.9177
	1695	1696	0.5749
	1695	1745	0.8259
	1696	1697	0.8323
	1696	1746	0.6975
	1697	1698	0.1253
	1697	1747	0.5086
	1698	1699	0.6628
	1698	1748	0.7704
	1699	1749	0.7712
	1700	1701	0.5101
	1700	1750	0.8067
	1701	1702	0.7071
	1701	1751	0.9003
	1702	1703	0.7802
	1702	1752	0.3741
	1703	1704	0.6152
	1703	1753	0.5369
	1704	1705	0.5656
	1704	1754	0.4476
	1705	1706	0.8993
	1705	1755	0.7427
	1706	1707	0.9997
	1706	1756	0.641
	1707	1708	0.6834
	1707	1757	0.3893
	1708	1709	0.9908
	1708	1758	0.0782
	1709	1710	0.862
	1709	1759	0.7638
	1710	1711	0.8246
	1710	1760	0.2639
	1711	1712	0.6899
	1711	1761	0.3963
	1712	1713	0.5822
	1712	1762	0.7245
	1713	1714	0.2157
	1713	1763	0.6106
	1714	1715	0.9723
	1714	1764	0.9661
	1715	1716	0.0631
	1715	1765	0.8858
	1716	1717	0.8355
	1716	1766	0.6674
	1717	1718	0.2996
	1717	1767	0.0135
	1718	1719	0.2903
	1718	1768	0.9355
	1719	1720	0.9873
	1719	1769	0.8431
	1720	1721	0.276
	1720	1770	0.7491
	1721	1722	0.1405
	1721	1771	0.0718
	1722	1723	0.1274
	1722	1772	0.5477
	1723	1724	0.0112
	1723	1773	0.4429
	1724	1725	0.6188
	1724	1774	0.7625
	1725	1726	0.2462
	1725	1775	0.8251
	1726	1727	0.7468
	1726	1776	0.1714
	1727	1728	0.6753
	1727	1777	0.1539
	1728	1729	0.1364
	1728	1778	0.891
	1729	1730	0.2383
	1729	1779	0.3907
	1730	1731	0.0197
	1730	1780	0.8557
	1731	1732	0.8783
	1731	1781	0.6671
	1732	1733	0.3332
	1732	1782	0.0596
	1733	1734	0.7291
	1733	1783	0.0934
	1734	1735	0.5628
	1734	1784	0.2841
	1735	1736	0.9537
	1735	1785	0.3826
	1736	1737	0.4605
	1736	1786	0.7126
	1737	1738	0.4653
	1737	1787	0.1492
	1738	1739	0.4385
	1738	1788	0.1839
	1739	1740	0.2191
	1739	1789	0.0463
	1740	1741	0.2213
	1740	1790	0.7758
	1741	1742	0.4755
	1741	1791	0.3426
	1742	1743	0.1113
	1742	1792	0.4759
	1743	1744	0.6388
	1743	1793	0.8495
	1744	1745	0.1528
	1744	1794	0.5586
	1745	1746	0.7987
	1745	1795	0.832
	1746	1747	0.2535
	1746	1796	0.7199
	1747	1748	0.0719
	1747	1797	0.0982
	1748	1749	0.1356
	1748	1798	0.2274
	1749	1799	0.0467
	1750	1751	0.4538
	1750	1800	0.7801
	1751	1752	0.8772
	1751	1801	0.5128
	1752	1753	0.7151
	1752	1802	0.9655
	1753	1754	0.0507
	1753	1803	0.6399
	1754	1755	0.5869
	1754	1804	0.8629
	1755	1756	0.1149
	1755	1805	0.4246
	1756	1757	0.0599
	1756	1806	0.9562
	1757	1758	0.7831
	1757	1807	0.3875
	1758	1759	0.8771
	1758	1808	0.1269
	1759	1760	0.9765
	1759	1809	0.4392
	1760	1761	0.7057
	1760	1810	0.6025
	1761	1762	0.0863
	1761	1811	0.2033
	1762	1763	0.5866
	1762	1812	0.6551
	1763	1764	0.4111
	1763	1813	0.4758
	1764	1765	0.5504
	1764	1814	0.227
	1765	1766	0.76
	1765	1815	0.5302
	1766	1767	0.4788
	1766	1816	0.6881
	1767	1768	0.3906
	1767	1817	0.8745
	1768	1769	0.684
	1768	1818	0.3861
	1769	1770	0.7059
	1769	1819	0.7515
	1770	1771	0.1667
	1770	1820	0.0633
	1771	1772	0.3139
	1771	1821	0.601
	1772	1773	0.1344
	1772	1822	0.6623
	1773	1774	0.6962
	1773	1823	0.7243
	1774	1775	0.1458
	1774	1824	0.8541
	1775	1776	0.9122
	1775	1825	0.7981
	1776	1777	0.6627
	1776	1826	0.7517
	1777	1778	0.7432
	1777	1827	0.8605
	1778	1779	0.5263
	1778	1828	0.9181
	1779	1780	0.7858
	1779	1829	0.6168
	1780	1781	0.7438
	1780	1830	0.6302
	1781	1782	0.3497
	1781	1831	0.5711
	1782	1783	0.8378
	1782	1832	0.9373
	1783	1784	0.1287
	1783	1833	0.0585
	1784	1785	0.2713
	1784	1834	0.565
	1785	1786	0.2941
	1785	1835	0.0812
	1786	1787	0.619
	1786	1836	0.0774
	1787	1788	0.7128
	1787	1837	0.3766
	1788	1789	0.936
	1788	1838	0.3487
	1789	1790	0.6795
	1789	1839	0.8194
	1790	1791	0.4535
	1790	1840	0.987
	1791	1792	0.1735
	1791	1841	0.5827
	1792	1793	0.0172
	1792	1842	0.2198
	1793	1794	0.8877
	1793	1843	0.0183
	1794	1795	0.6734
	1794	1844	0.4462
	1795	1796	0.654
	1795	1845	0.0855
	1796	1797	0.6897
	1796	1846	0.5431
	1797	1798	0.9728
	1797	1847	0.3987
	1798	1799	0.0765
	1798	1848	0.419
	1799	1849	0.7247
	1800	1801	0.7038
	1800	1850	0.5946
	1801	1802	0.8452
	1801	1851	0.1138
	1802	1803	0.6165
	1802	1852	0.5737
	1803	1804	0.0343
	1803	1853	0.9833
	1804	1805	0.656
	1804	1854	0.4638
	1805	1806	0.8603
	1805	1855	0.0823
	1806	1807	0.3903
	1806	1856	0.7568
	1807	1808	0.8689
	1807	1857	0.213
	1808	1809	0.3401
	1808	1858	0.1612
	1809	1810	0.6723
	1809	1859	0.7127
	1810	1811	0.3445
	1810	1860	0.9384
	1811	1812	0.4434
	1811	1861	0.8998
	1812	1813	0.22
	1812	1862	0.0533
	1813	1814	0.1996
	1813	1863	0.8017
	1814	1815	0.6155
	1814	1864	0.4114
	1815	1816	0.345
	1815	1865	0.8631
	1816	1817	0.6848
	1816	1866	0.3777
	1817	1818	0.186
	1817	1867	0.0944
	1818	1819	0.5766
	1818	1868	0.2011
	1819	1820	0.9919
	1819	1869	0.8208
	1820	1821	0.9319
	1820	1870	0.1377
	1821	1822	0.0775
	1821	1871	0.5929
	1822	1823	0.7137
	1822	1872	0.8022
	1823	1824	0.4181
	1823	1873	0.0633
	1824	1825	0.631
	1824	1874	0.3401
	1825	1826	0.863
	1825	1875	0.8886
	1826	1827	0.3644
	1826	1876	0.6708
	1827	1828	0.1244
	1827	1877	0.2235
	1828	1829	0.4334
	1828	1878	0.3413
	1829	1830	0.2579
	1829	1879	0.2671
	1830	1831	0.0533
	1830	1880	0.7332
	1831	1832	0.7506
	1831	1881	0.8481
	1832	1833	0.3188
	1832	1882	0.6953
	1833	1834	0.4702
	1833	1883	0.946
	1834	1835	0.1263
	1834	1884	0.9786
	1835	1836	0.0166
	1835	1885	0.503
	1836	1837	0.8248
	1836	1886	0.5015
	1837	1838	0.761
	1837	1887	0.7097
	1838	1839	0.3951
	1838	1888	0.4225
	1839	1840	0.1115
	1839	1889	0.4012
	1840	1841	0.2197
	1840	1890	0.6716
	1841	1842	0.9975
	1841	1891	0.5891
	1842	1843	0.8207
	1842	1892	0.3097
	1843	1844	0.138
	1843	1893	0.9112
	1844	1845	0.2913
	1844	1894	0.6625
	1845	1846	0.8233
	1845	1895	0.1404
	1846	1847	0.9671
	1846	1896	0.5693
	1847	1848	0.5484
	1847	1897	0.8416
	1848	1849	0.3537
	1848	1898	0.6311
	1849	1899	0.5309
	1850	1851	0.7125
	1850	1900	0.071
	1851	1852	0.9353
	1851	1901	0.8504
	1852	1853	0.2535
	1852	1902	0.4539
	1853	1854	0.269
	1853	1903	0.7892
	1854	1855	0.4382
	1854	1904	0.5464
	1855	1856	0.6236
	1855	1905	0.69
	1856	1857	0.4446
	1856	1906	0.8528
	1857	1858	0.1581
	1857	1907	0.0359
	1858	1859	0.7603
	1858	1908	0.5784
	1859	1860	0.6211
	1859	1909	0.5939
	1860	1861	0.4657
	1860	1910	0.5494
	1861	1862	0.3216
	1861	1911	0.3067
	1862	1863	0.9086
	1862	1912	0.9778
	1863	1864	0.8321
	1863	1913	0.5537
	1864	1865	0.8333
	1864	1914	0.6007
	1865	1866	0.9489
	1865	1915	0.8556
	1866	1867	0.4733
	1866	1916	0.0244
	1867	1868	0.4355
	1867	1917	0.9363
	1868	1869	0.14
	1868	1918	0.234
	1869	1870	0.862
	1869	1919	0.3874
	1870	1871	0.6769
	1870	1920	0.0789
	1871	1872	0.5204
	1871	1921	0.1222
	1872	1873	0.694
	1872	1922	0.4127
	1873	1874	0.8121
	1873	1923	0.0176
	1874	1875	0.9961
	1874	1924	0.1524
	1875	1876	0.5374
	1875	1925	0.2034
	1876	1877	0.4179
	1876	1926	0.4807
	1877	1878	0.167
	1877	1927	0.0468
	1878	1879	0.3438
	1878	1928	0.5258
	1879	1880	0.3295
	1879	1929	0.8372
	1880	1881	0.8342
	1880	1930	0.6911
	1881	1882	0.7243
	1881	1931	0.1202
	1882	1883	0.9436
	1882	1932	0.3277
	1883	1884	0.3344
	1883	1933	0.2693
	1884	1885	0.9658
	1884	1934	0.4199
	1885	1886	0.389
	1885	1935	0.0309
	1886	1887	0.8116
	1886	1936	0.9599
	1887	1888	0.9892
	1887	1937	0.0903
	1888	1889	0.8965
	1888	1938	0.4938
	1889	1890	0.9392
	1889	1939	0.2048
	1890	1891	0.3897
	1890	1940	0.7348
	1891	1892	0.9002
	1891	1941	0.4954
	1892	1893	0.6814
	1892	1942	0.2689
	1893	1894	0.1924
	1893	1943	0.0458
	1894	1895	0.1061
	1894	1944	0.9017
	1895	1896	0.9706
	1895	1945	0.7684
	1896	1897	0.3073
	1896	1946	0.6186
	1897	1898	0.3425
	1897	1947	0.1678
	1898	1899	0.8546
	1898	1948	0.1365
	1899	1949	0.9612
	1900	1901	0.6502
	1900	1950	0.3367
	1901	1902	0.8246
	1901	1951	0.055
	1902	1903	0.6346
	1902	1952	0.2369
	1903	1904	0.7761
	1903	1953	0.0991
	1904	1905	0.6607
	1904	1954	0.1512
	1905	1906	0.9063
	1905	1955	0.8913
	1906	1907	0.6504
	1906	1956	0.4112
	1907	1908	0.1509
	1907	1957	0.7986
	1908	1909	0.8557
	1908	1958	0.2324
	1909	1910	0.8267
	1909	1959	0.6564
	1910	1911	0.1133
	1910	1960	0.9342
	1911	1912	0.9205
	1911	1961	0.7874
	1912	1913	0.5218
	1912	1962	0.936
	1913	1914	0.1305
	1913	1963	0.1998
	1914	1915	0.067
	1914	1964	0.9576
	1915	1916	0.1846
	1915	1965	0.5381
	1916	1917	0.3348
	1916	1966	0.3721
	1917	1918	0.4769
	1917	1967	0.3999
	1918	1919	0.8207
	1918	1968	0.5578
	1919	1920	0.117
	1919	1969	0.7115
	1920	1921	0.3679
	1920	1970	0.6921
	1921	1922	0.686
	1921	1971	0.5398
	1922	1923	0.2689
	1922	1972	0.2121
	1923	1924	0.7536
	1923	1973	0.5378
	1924	1925	0.9292
	1924	1974	0.2687
	1925	1926	0.2871
	1925	1975	0.3664
	1926	1927	0.0115
	1926	1976	0.9918
	1927	1928	0.2132
	1927	1977	0.7206
	1928	1929	0.4775
	1928	1978	0.3518
	1929	1930	0.3774
	1929	1979	0.3134
	1930	1931	0.4349
	1930	1980	0.4756
	1931	1932	0.847
	1931	1981	0.6091
	1932	1933	0.7428
	1932	1982	0.7444
	1933	1934	0.7779
	1933	1983	0.0708
	1934	1935	0.0441
	1934	1984	0.8991
	1935	1936	0.4437
	1935	1985	0.7717
	1936	1937	0.3737
	1936	1986	0.783
	1937	1938	0.095
	1937	1987	0.9268
	1938	1939	0.2099
	1938	1988	0.5338
	1939	1940	0.491
	1939	1989	0.0719
	1940	1941	0.1662
	1940	1990	0.0611
	1941	1942	0.1267
	1941	1991	0.0481
	1942	1943	0.2495
	1942	1992	0.083
	1943	1944	0.2901
	1943	1993	0.9936
	1944	1945	0.3868
	1944	1994	0.9227
	1945	1946	0.913
	1945	1995	0.7159
	1946	1947	0.1781
	1946	1996	0.1376
	1947	1948	0.6536
	1947	1997	0.5191
	1948	1949	0.91
	1948	1998	0.801
	1949	1999	0.4305
	1950	1951	0.1497
	1950	2000	0.9389
	1951	1952	0.6815
	1951	2001	0.1235
	1952	1953	0.7595
	1952	2002	0.5649
	1953	1954	0.8081
	1953	2003	0.5152
	1954	1955	0.0374
	1954	2004	0.9225
	1955	1956	0.8653
	1955	2005	0.1744
	1956	1957	0.2702
	1956	2006	0.9989
	1957	1958	0.7826
	1957	2007	0.3442
	1958	1959	0.1274
	1958	2008	0.6882
	1959	1960	0.0524
	1959	2009	0.2055
	1960	1961	0.4929
	1960	2010	0.8555
	1961	1962	0.108
	1961	2011	0.4958
	1962	1963	0.3869
	1962	2012	0.2435
	1963	1964	0.1746
	1963	2013	0.1366
	1964	1965	0.7592
	1964	2014	0.7923
	1965	1966	0.8366
	1965	2015	0.3768
	1966	1967	0.9547
	1966	2016	0.1251
	1967	1968	0.6635
	1967	2017	0.816
	1968	1969	0.5629
	1968	2018	0.9872
	1969	1970	0.3189
	1969	2019	0.772
	1970	1971	0.4956
	1970	2020	0.4121
	1971	1972	0.6574
	1971	2021	0.5707
	1972	1973	0.0789
	1972	2022	0.9869
	1973	1974	0.7603
	1973	2023	0.7647
	1974	1975	0.4544
	1974	2024	0.297
	1975	1976	0.7498
	1975	2025	0.4195
	1976	1977	0.5277
	1976	2026	0.015
	1977	1978	0.2806
	1977	2027	0.0915
	1978	1979	0.2724
	1978	2028	0.3283
	1979	1980	0.4886
	1979	2029	0.8025
	1980	1981	0.6645
	1980	2030	0.3289
	1981	1982	0.8051
	1981	2031	0.6923
	1982	1983	0.2834
	1982	2032	0.8472
	1983	1984	0.8958
	1983	2033	0.2637
	1984	1985	0.9132
	1984	2034	0.8626
	1985	1986	0.9606
	1985	2035	0.1675
	1986	1987	0.0289
	1986	2036	0.8758
	1987	1988	0.3749
	1987	2037	0.3442
	1988	1989	0.6098
	1988	2038	0.022
	1989	1990	0.9773
	1989	2039	0.8611
	1990	1991	0.3855
	1990	2040	0.7553
	1991	1992	0.5251
	1991	2041	0.3142
	1992	1993	0.1688
	1992	2042	0.4617
	1993	1994	0.0834
	1993	2043	0.2895
	1994	1995	0.2725
	1994	2044	0.6043
	1995	1996	0.0347
	1995	2045	0.8361
	1996	1997	0.6558
	1996	2046	0.8629
	1997	1998	0.2277
	1997	2047	0.5413
	1998	1999	0.6162
	1998	2048	0.2759
	1999	2049	0.0107
	2000	2001	0.4239
	2000	2050	0.999
	2001	2002	0.1096
	2001	2051	0.6131
	2002	2003	0.0162
	2002	2052	0.665
	2003	2004	0.3165
	2003	2053	0.0774
	2004	2005	0.4667
	2004	2054	0.9793
	2005	2006	0.1592
	2005	2055	0.2676
	2006	2007	0.8009
	2006	2056	0.2882
	2007	2008	0.1802
	2007	2057	0.97
	2008	2009	0.1453
	2008	2058	0.674
	2009	2010	0.4839
	2009	2059	0.8315
	2010	2011	0.1506
	2010	2060	0.6421
	2011	2012	0.426
	2011	2061	0.4887
	2012	2013	0.2875
	2012	2062	0.9689
	2013	2014	0.1891
	2013	2063	0.3587
	2014	2015	0.1739
	2014	2064	0.8315
	2015	2016	0.2345
	2015	2065	0.1419
	2016	2017	0.3281
	2016	2066	0.352
	2017	2018	0.4468
	2017	2067	0.5665
	2018	2019	0.5663
	2018	2068	0.3107
	2019	2020	0.7644
	2019	2069	0.5972
	2020	2021	0.6782
	2020	2070	0.2823
	2021	2022	0.0797
	2021	2071	0.7592
	2022	2023	0.6544
	2022	2072	0.1186
	2023	2024	0.8829
	2023	2073	0.1701
	2024	2025	0.5596
	2024	2074	0.3848
	2025	2026	0.2643
	2025	2075	0.0103
	2026	2027	0.6281
	2026	2076	0.7621
	2027	2028	0.2618
	2027	2077	0.1659
	2028	2029	0.1384
	2028	2078	0.1112
	2029	2030	0.4196
	2029	2079	0.1979
	2030	2031	0.8649
	2030	2080	0.1251
	2031	2032	0.796
	2031	2081	0.1153
	2032	2033	0.0104
	2032	2082	0.4356
	2033	2034	0.5225
	2033	2083	0.3536
	2034	2035	0.2439
	2034	2084	0.231
	2035	2036	0.928
	2035	2085	0.5046
	2036	2037	0.5553
	2036	2086	0.7718
	2037	2038	0.4037
	2037	2087	0.8947
	2038	2039	0.7361
	2038	2088	0.9412
	2039	2040	0.0386
	2039	2089	0.5442
	2040	2041	0.8269
	2040	2090	0.3553
	2041	2042	0.4333
	2041	2091	0.3167
	2042	2043	0.9299
	2042	2092	0.2343
	2043	2044	0.6139
	2043	2093	0.4851
	2044	2045	0.4468
	2044	2094	0.6298
	2045	2046	0.8468
	2045	2095	0.5503
	2046	2047	0.6331
	2046	2096	0.7024
	2047	2048	0.9856
	2047	2097	0.7024
	2048	2049	0.7187
	2048	2098	0.2469
	2049	2099	0.1254
	2050	2051	0.8014
	2050	2100	0.9294
	2051	2052	0.6022
	2051	2101	0.8779
	2052	2053	0.7345
	2052	2102	0.7152
	2053	2054	0.7001
	2053	2103	0.1298
	2054	2055	0.351
	2054	2104	0.8675
	2055	2056	0.0381
	2055	2105	0.7784
	2056	2057	0.3282
	2056	2106	0.1891
	2057	2058	0.7386
	2057	2107	0.3163
	2058	2059	0.2601
	2058	2108	0.809
	2059	2060	0.5698
	2059	2109	0.1647
	2060	2061	0.0897
	2060	2110	0.5537
	2061	2062	0.94
	2061	2111	0.9991
	2062	2063	0.3651
	2062	2112	0.4411
	2063	2064	0.493
	2063	2113	0.6233
	2064	2065	0.6414
	2064	2114	0.6571
	2065	2066	0.6091
	2065	2115	0.582
	2066	2067	0.5591
	2066	2116	0.2429
	2067	2068	0.87
	2067	2117	0.8153
	2068	2069	0.4254
	2068	2118	0.4969
	2069	2070	0.1335
	2069	2119	0.5686
	2070	2071	0.0261
	2070	2120	0.4265
	2071	2072	0.967
	2071	2121	0.312
	2072	2073	0.244
	2072	2122	0.1672
	2073	2074	0.9076
	2073	2123	0.7415
	2074	2075	0.6714
	2074	2124	0.4556
	2075	2076	0.7064
	2075	2125	0.2194
	2076	2077	0.2276
	2076	2126	0.9078
	2077	2078	0.83
	2077	2127	0.1048
	2078	2079	0.503
	2078	2128	0.6071
	2079	2080	0.699
	2079	2129	0.9775
	2080	2081	0.0557
	2080	2130	0.8293
	2081	2082	0.8918
	2081	2131	0.8474
	2082	2083	0.4109
	2082	2132	0.0302
	2083	2084	0.3205
	2083	2133	0.8919
	2084	2085	0.4761
	2084	2134	0.811
	2085	2086	0.4813
	2085	2135	0.4245
	2086	2087	0.1865
	2086	2136	0.2681
	2087	2088	0.2201
	2087	2137	0.8115
	2088	2089	0.3534
	2088	2138	0.3611
	2089	2090	0.404
	2089	2139	0.0423
	2090	2091	0.4015
	2090	2140	0.9248
	2091	2092	0.3338
	2091	2141	0.1358
	2092	2093	0.0478
	2092	2142	0.9491
	2093	2094	0.0656
	2093	2143	0.8082
	2094	2095	0.8131
	2094	2144	0.3428
	2095	2096	0.8349
	2095	2145	0.7244
	2096	2097	0.3182
	2096	2146	0.6211
	2097	2098	0.9428
	2097	2147	0.0764
	2098	2099	0.0661
	2098	2148	0.3286
	2099	2149	0.6458
	2100	2101	0.5422
	2100	2150	0.8485
	2101	2102	0.9246
	2101	2151	0.8376
	2102	2103	0.6384
	2102	2152	0.2157
	2103	2104	0.8228
	2103	2153	0.077
	2104	2105	0.3191
	2104	2154	0.7321
	2105	2106	0.1912
	2105	2155	0.1935
	2106	2107	0.6089
	2106	2156	0.0911
	2107	2108	0.0556
	2107	2157	0.289
	2108	2109	0.1435
	2108	2158	0.3303
	2109	2110	0.1619
	2109	2159	0.9283
	2110	2111	0.1301
	2110	2160	0.3395
	2111	2112	0.2592
	2111	2161	0.1974
	2112	2113	0.6195
	2112	2162	0.8525
	2113	2114	0.71
	2113	2163	0.9679
	2114	2115	0.1714
	2114	2164	0.9464
	2115	2116	0.827
	2115	2165	0.4205
	2116	2117	0.6362
	2116	2166	0.5433
	2117	2118	0.4657
	2117	2167	0.7884
	2118	2119	0.1808
	2118	2168	0.6895
	2119	2120	0.9081
	2119	2169	0.6374
	2120	2121	0.9018
	2120	2170	0.6318
	2121	2122	0.4107
	2121	2171	0.7581
	2122	2123	0.4599
	2122	2172	0.1794
	2123	2124	0.3795
	2123	2173	0.3672
	2124	2125	0.6844
	2124	2174	0.0206
	2125	2126	0.7076
	2125	2175	0.3482
	2126	2127	0.3974
	2126	2176	0.8813
	2127	2128	0.6743
	2127	2177	0.0264
	2128	2129	0.3128
	2128	2178	0.4531
	2129	2130	0.7779
	2129	2179	0.1122
	2130	2131	0.0702
	2130	2180	0.4355
	2131	2132	0.016
	2131	2181	0.3926
	2132	2133	0.0609
	2132	2182	0.4673
	2133	2134	0.8439
	2133	2183	0.0183
	2134	2135	0.8443
	2134	2184	0.5163
	2135	2136	0.6221
	2135	2185	0.2745
	2136	2137	0.4585
	2136	2186	0.7723
	2137	2138	0.6619
	2137	2187	0.8113
	2138	2139	0.2944
	2138	2188	0.4676
	2139	2140	0.8601
	2139	2189	0.7248
	2140	2141	0.1644
	2140	2190	0.5557
	2141	2142	0.1353
	2141	2191	0.3022
	2142	2143	0.7502
	2142	2192	0.2502
	2143	2144	0.3065
	2143	2193	0.6369
	2144	2145	0.0108
	2144	2194	0.8943
	2145	2146	0.4802
	2145	2195	0.436
	2146	2147	0.4236
	2146	2196	0.1116
	2147	2148	0.2526
	2147	2197	0.9301
	2148	2149	0.6651
	2148	2198	0.107
	2149	2199	0.0718
	2150	2151	0.0415
	2150	2200	0.604
	2151	2152	0.5978
	2151	2201	0.1619
	2152	2153	0.5103
	2152	2202	0.5423
	2153	2154	0.8991
	2153	2203	0.2334
	2154	2155	0.618
	2154	2204	0.8294
	2155	2156	0.1025
	2155	2205	0.5664
	2156	2157	0.531
	2156	2206	0.0272
	2157	2158	0.3786
	2157	2207	0.6017
	2158	2159	0.6409
	2158	2208	0.3654
	2159	2160	0.1443
	2159	2209	0.7221
	2160	2161	0.6806
	2160	2210	0.8365
	2161	2162	0.7827
	2161	2211	0.1852
	2162	2163	0.6924
	2162	2212	0.5356
	2163	2164	0.9714
	2163	2213	0.1483
	2164	2165	0.9936
	2164	2214	0.8449
	2165	2166	0.6842
	2165	2215	0.4008
	2166	2167	0.3106
	2166	2216	0.2895
	2167	2168	0.3661
	2167	2217	0.079
	2168	2169	0.0797
	2168	2218	0.6396
	2169	2170	0.028
	2169	2219	0.7866
	2170	2171	0.729
	2170	2220	0.5487
	2171	2172	0.7566
	2171	2221	0.0102
	2172	2173	0.6674
	2172	2222	0.0597
	2173	2174	0.4501
	2173	2223	0.0386
	2174	2175	0.0701
	2174	2224	0.9153
	2175	2176	0.3959
	2175	2225	0.104
	2176	2177	0.6826
	2176	2226	0.0571
	2177	2178	0.5324
	2177	2227	0.6773
	2178	2179	0.1743
	2178	2228	0.8621
	2179	2180	0.0953
	2179	2229	0.5091
	2180	2181	0.8032
	2180	2230	0.2878
	2181	2182	0.0413
	2181	2231	0.203
	2182	2183	0.4357
	2182	2232	0.5949
	2183	2184	0.7172
	2183	2233	0.7277
	2184	2185	0.8261
	2184	2234	0.0919
	2185	2186	0.7416
	2185	2235	0.7227
	2186	2187	0.243
	2186	2236	0.099
	2187	2188	0.8231
	2187	2237	0.2328
	2188	2189	0.0852
	2188	2238	0.5025
	2189	2190	0.3847
	2189	2239	0.8172
	2190	2191	0.6217
	2190	2240	0.5698
	2191	2192	0.8367
	2191	2241	0.587
	2192	2193	0.4483
	2192	2242	0.4222
	2193	2194	0.1914
	2193	2243	0.5703
	2194	2195	0.6518
	2194	2244	0.1105
	2195	2196	0.2639
	2195	2245	0.825
	2196	2197	0.6469
	2196	2246	0.1973
	2197	2198	0.1562
	2197	2247	0.1143
	2198	2199	0.0768
	2198	2248	0.7778
	2199	2249	0.993
	2200	2201	0.9313
	2200	2250	0.181
	2201	2202	0.4686
	2201	2251	0.7418
	2202	2203	0.0518
	2202	2252	0.8478
	2203	2204	0.5332
	2203	2253	0.1127
	2204	2205	0.7962
	2204	2254	0.644
	2205	2206	0.2511
	2205	2255	0.3525
	2206	2207	0.203
	2206	2256	0.9712
	2207	2208	0.7653
	2207	2257	0.1914
	2208	2209	0.2255
	2208	2258	0.8404
	2209	2210	0.0306
	2209	2259	0.6481
	2210	2211	0.2578
	2210	2260	0.8788
	2211	2212	0.2577
	2211	2261	0.6231
	2212	2213	0.7991
	2212	2262	0.9712
	2213	2214	0.532
	2213	2263	0.3011
	2214	2215	0.4858
	2214	2264	0.8794
	2215	2216	0.6136
	2215	2265	0.1177
	2216	2217	0.188
	2216	2266	0.0313
	2217	2218	0.7927
	2217	2267	0.63
	2218	2219	0.4037
	2218	2268	0.1419
	2219	2220	0.5482
	2219	2269	0.4775
	2220	2221	0.6641
	2220	2270	0.7031
	2221	2222	0.235
	2221	2271	0.6838
	2222	2223	0.1064
	2222	2272	0.1402
	2223	2224	0.5186
	2223	2273	0.9911
	2224	2225	0.0742
	2224	2274	0.4979
	2225	2226	0.9239
	2225	2275	0.2983
	2226	2227	0.9364
	2226	2276	0.9538
	2227	2228	0.7443
	2227	2277	0.6235
	2228	2229	0.9672
	2228	2278	0.3043
	2229	2230	0.9578
	2229	2279	0.3948
	2230	2231	0.4517
	2230	2280	0.3032
	2231	2232	0.9478
	2231	2281	0.8294
	2232	2233	0.5094
	2232	2282	0.0565
	2233	2234	0.9479
	2233	2283	0.5474
	2234	2235	0.888
	2234	2284	0.9812
	2235	2236	0.251
	2235	2285	0.9792
	2236	2237	0.4162
	2236	2286	0.6575
	2237	2238	0.032
	2237	2287	0.4402
	2238	2239	0.3762
	2238	2288	0.8093
	2239	2240	0.6246
	2239	2289	0.3311
	2240	2241	0.5928
	2240	2290	0.25
	2241	2242	0.1321
	2241	2291	0.5115
	2242	2243	0.8933
	2242	2292	0.8919
	2243	2244	0.9252
	2243	2293	0.7561
	2244	2245	0.0488
	2244	2294	0.7906
	2245	2246	0.1821
	2245	2295	0.0577
	2246	2247	0.6073
	2246	2296	0.3174
	2247	2248	0.3348
	2247	2297	0.0363
	2248	2249	0.8243
	2248	2298	0.0998
	2249	2299	0.3391
	2250	2251	0.5517
	2250	2300	0.3062
	2251	2252	0.0591
	2251	2301	0.7342
	2252	2253	0.7466
	2252	2302	0.8225
	2253	2254	0.7316
	2253	2303	0.6255
	2254	2255	0.1861
	2254	2304	0.6793
	2255	2256	0.7828
	2255	2305	0.8163
	2256	2257	0.7061
	2256	2306	0.0765
	2257	2258	0.9848
	2257	2307	0.4915
	2258	2259	0.2225
	2258	2308	0.7753
	2259	2260	0.6196
	2259	2309	0.398
	2260	2261	0.5315
	2260	2310	0.4554
	2261	2262	0.3196
	2261	2311	0.3555
	2262	2263	0.4757
	2262	2312	0.5106
	2263	2264	0.9758
	2263	2313	0.7076
	2264	2265	0.1534
	2264	2314	0.1221
	2265	2266	0.5424
	2265	2315	0.9421
	2266	2267	0.7286
	2266	2316	0.7648
	2267	2268	0.5691
	2267	2317	0.1854
	2268	2269	0.8298
	2268	2318	0.1538
	2269	2270	0.4604
	2269	2319	0.7442
	2270	2271	0.8767
	2270	2320	0.308
	2271	2272	0.3407
	2271	2321	0.0759
	2272	2273	0.8262
	2272	2322	0.9733
	2273	2274	0.7219
	2273	2323	0.4964
	2274	2275	0.1387
	2274	2324	0.5331
	2275	2276	0.3206
	2275	2325	0.6085
	2276	2277	0.0441
	2276	2326	0.7029
	2277	2278	0.6528
	2277	2327	0.483
	2278	2279	0.3707
	2278	2328	0.239
	2279	2280	0.9869
	2279	2329	0.1317
	2280	2281	0.4014
	2280	2330	0.0964
	2281	2282	0.6374
	2281	2331	0.5353
	2282	2283	0.3477
	2282	2332	0.2927
	2283	2284	0.8139
	2283	2333	0.0406
	2284	2285	0.816
	2284	2334	0.323
	2285	2286	0.2055
	2285	2335	0.9919
	2286	2287	0.3998
	2286	2336	0.2385
	2287	2288	0.0651
	2287	2337	0.7422
	2288	2289	0.2664
	2288	2338	0.7489
	2289	2290	0.3135
	2289	2339	0.076
	2290	2291	0.048
	2290	2340	0.4984
	2291	2292	0.1178
	2291	2341	0.0747
	2292	2293	0.8692
	2292	2342	0.4812
	2293	2294	0.3019
	2293	2343	0.8949
	2294	2295	0.9744
	2294	2344	0.6685
	2295	2296	0.6479
	2295	2345	0.1364
	2296	2297	0.6694
	2296	2346	0.2888
	2297	2298	0.3704
	2297	2347	0.0653
	2298	2299	0.469
	2298	2348	0.729
	2299	2349	0.5155
	2300	2301	0.5354
	2300	2350	0.1478
	2301	2302	0.4675
	2301	2351	0.5898
	2302	2303	0.9947
	2302	2352	0.315
	2303	2304	0.2542
	2303	2353	0.1723
	2304	2305	0.3502
	2304	2354	0.8673
	2305	2306	0.0591
	2305	2355	0.7783
	2306	2307	0.9499
	2306	2356	0.1764
	2307	2308	0.6174
	2307	2357	0.2849
	2308	2309	0.419
	2308	2358	0.9215
	2309	2310	0.9506
	2309	2359	0.3042
	2310	2311	0.9346
	2310	2360	0.8384
	2311	2312	0.8165
	2311	2361	0.7747
	2312	2313	0.9356
	2312	2362	0.298
	2313	2314	0.9495
	2313	2363	0.4783
	2314	2315	0.2059
	2314	2364	0.2067
	2315	2316	0.4705
	2315	2365	0.4239
	2316	2317	0.229
	2316	2366	0.3374
	2317	2318	0.1595
	2317	2367	0.3551
	2318	2319	0.3467
	2318	2368	0.0729
	2319	2320	0.8693
	2319	2369	0.9448
	2320	2321	0.9384
	2320	2370	0.2274
	2321	2322	0.3308
	2321	2371	0.905
	2322	2323	0.9236
	2322	2372	0.3573
	2323	2324	0.5115
	2323	2373	0.1911
	2324	2325	0.2031
	2324	2374	0.3177
	2325	2326	0.5409
	2325	2375	0.1034
	2326	2327	0.5157
	2326	2376	0.1434
	2327	2328	0.805
	2327	2377	0.2524
	2328	2329	0.4545
	2328	2378	0.759
	2329	2330	0.9156
	2329	2379	0.0403
	2330	2331	0.1285
	2330	2380	0.3771
	2331	2332	0.8281
	2331	2381	0.5061
	2332	2333	0.8011
	2332	2382	0.7065
	2333	2334	0.8278
	2333	2383	0.5851
	2334	2335	0.7031
	2334	2384	0.4476
	2335	2336	0.893
	2335	2385	0.6649
	2336	2337	0.7697
	2336	2386	0.2536
	2337	2338	0.5322
	2337	2387	0.2637
	2338	2339	0.9725
	2338	2388	0.5437
	2339	2340	0.7973
	2339	2389	0.0919
	2340	2341	0.5783
	2340	2390	0.5175
	2341	2342	0.9263
	2341	2391	0.2896
	2342	2343	0.7182
	2342	2392	0.5544
	2343	2344	0.5411
	2343	2393	0.9649
	2344	2345	0.5259
	2344	2394	0.7521
	2345	2346	0.0457
	2345	2395	0.3444
	2346	2347	0.3173
	2346	2396	0.3028
	2347	2348	0.5915
	2347	2397	0.2268
	2348	2349	0.0581
	2348	2398	0.0834
	2349	2399	0.7536
	2350	2351	0.5624
	2350	2400	0.4897
	2351	2352	0.8867
	2351	2401	0.0327
	2352	2353	0.7894
	2352	2402	0.8368
	2353	2354	0.3424
	2353	2403	0.7538
	2354	2355	0.412
	2354	2404	0.2563
	2355	2356	0.0108
	2355	2405	0.934
	2356	2357	0.0184
	2356	2406	0.2472
	2357	2358	0.7828
	2357	2407	0.9621
	2358	2359	0.3348
	2358	2408	0.8835
	2359	2360	0.4032
	2359	2409	0.6092
	2360	2361	0.2338
	2360	2410	0.0951
	2361	2362	0.4086
	2361	2411	0.3677
	2362	2363	0.0888
	2362	2412	0.446
	2363	2364	0.226
	2363	2413	0.4884
	2364	2365	0.7553
	2364	2414	0.9522
	2365	2366	0.3543
	2365	2415	0.8574
	2366	2367	0.8218
	2366	2416	0.3976
	2367	2368	0.2896
	2367	2417	0.2144
	2368	2369	0.9487
	2368	2418	0.724
	2369	2370	0.2312
	2369	2419	0.9939
	2370	2371	0.7249
	2370	2420	0.546
	2371	2372	0.3341
	2371	2421	0.1355
	2372	2373	0.4149
	2372	2422	0.9345
	2373	2374	0.7972
	2373	2423	0.1322
	2374	2375	0.9698
	2374	2424	0.1266
	2375	2376	0.4889
	2375	2425	0.1392
	2376	2377	0.6977
	2376	2426	0.5943
	2377	2378	0.0529
	2377	2427	0.3498
	2378	2379	0.3612
	2378	2428	0.6409
	2379	2380	0.1913
	2379	2429	0.0148
	2380	2381	0.4334
	2380	2430	0.5581
	2381	2382	0.25
	2381	2431	0.1817
	2382	2383	0.5322
	2382	2432	0.7609
	2383	2384	0.2354
	2383	2433	0.3621
	2384	2385	0.1422
	2384	2434	0.4676
	2385	2386	0.219
	2385	2435	0.2953
	2386	2387	0.296
	2386	2436	0.4331
	2387	2388	0.5616
	2387	2437	0.1631
	2388	2389	0.6063
	2388	2438	0.032
	2389	2390	0.8197
	2389	2439	0.9469
	2390	2391	0.7258
	2390	2440	0.5907
	2391	2392	0.9047
	2391	2441	0.0458
	2392	2393	0.7591
	2392	2442	0.8366
	2393	2394	0.1191
	2393	2443	0.8706
	2394	2395	0.2235
	2394	2444	0.2724
	2395	2396	0.1462
	2395	2445	0.4659
	2396	2397	0.1831
	2396	2446	0.0149
	2397	2398	0.8606
	2397	2447	0.5425
	2398	2399	0.2119
	2398	2448	0.5251
	2399	2449	0.9941
	2400	2401	0.7947
	2400	2450	0.3754
	2401	2402	0.0727
	2401	2451	0.0233
	2402	2403	0.6267
	2402	2452	0.5372
	2403	2404	0.3818
	2403	2453	0.5571
	2404	2405	0.5325
	2404	2454	0.1447
	2405	2406	0.6715
	2405	2455	0.3627
	2406	2407	0.8864
	2406	2456	0.1828
	2407	2408	0.6792
	2407	2457	0.196
	2408	2409	0.8128
	2408	2458	0.013
	2409	2410	0.851
	2409	2459	0.6636
	2410	2411	0.2918
	2410	2460	0.1415
	2411	2412	0.2968
	2411	2461	0.5546
	2412	2413	0.1242
	2412	2462	0.9007
	2413	2414	0.6059
	2413	2463	0.7242
	2414	2415	0.6342
	2414	2464	0.5598
	2415	2416	0.922
	2415	2465	0.716
	2416	2417	0.6491
	2416	2466	0.4267
	2417	2418	0.3861
	2417	2467	0.3894
	2418	2419	0.2591
	2418	2468	0.6802
	2419	2420	0.0101
	2419	2469	0.3707
	2420	2421	0.8931
	2420	2470	0.348
	2421	2422	0.9137
	2421	2471	0.7748
	2422	2423	0.1027
	2422	2472	0.8366
	2423	2424	0.9298
	2423	2473	0.7523
	2424	2425	0.5661
	2424	2474	0.0124
	2425	2426	0.5569
	2425	2475	0.9772
	2426	2427	0.8276
	2426	2476	0.2975
	2427	2428	0.8733
	2427	2477	0.6734
	2428	2429	0.4912
	2428	2478	0.1841
	2429	2430	0.9609
	2429	2479	0.5214
	2430	2431	0.4146
	2430	2480	0.0482
	2431	2432	0.4486
	2431	2481	0.5064
	2432	2433	0.1816
	2432	2482	0.7153
	2433	2434	0.526
	2433	2483	0.4127
	2434	2435	0.029
	2434	2484	0.957
	2435	2436	0.4479
	2435	2485	0.6457
	2436	2437	0.9592
	2436	2486	0.1168
	2437	2438	0.306
	2437	2487	0.3178
	2438	2439	0.8656
	2438	2488	0.9523
	2439	2440	0.8325
	2439	2489	0.2951
	2440	2441	0.7684
	2440	2490	0.0365
	2441	2442	0.6654
	2441	2491	0.0374
	2442	2443	0.4495
	2442	2492	0.1496
	2443	2444	0.929
	2443	2493	0.2377
	2444	2445	0.4248
	2444	2494	0.8451
	2445	2446	0.346
	2445	2495	0.5284
	2446	2447	0.4984
	2446	2496	0.5934
	2447	2448	0.0768
	2447	2497	0.1739
	2448	2449	0.5188
	2448	2498	0.7217
	2449	2499	0.0856
	2450	2451	0.3994
	2451	2452	0.5791
	2452	2453	0.8224
	2453	2454	0.8761
	2454	2455	0.6669
	2455	2456	0.3453
	2456	2457	0.4365
	2457	2458	0.2976
	2458	2459	0.2346
	2459	2460	0.1062
	2460	2461	0.5835
	2461	2462	0.7706
	2462	2463	0.1476
	2463	2464	0.3016
	2464	2465	0.2316
	2465	2466	0.4118
	2466	2467	0.0358
	2467	2468	0.5087
	2468	2469	0.5816
	2469	2470	0.125
	2470	2471	0.0809
	2471	2472	0.0111
	2472	2473	0.2471
	2473	2474	0.8769
	2474	2475	0.4191
	2475	2476	0.707
	2476	2477	0.6538
	2477	2478	0.3371
	2478	2479	0.7109
	2479	2480	0.7619
	2480	2481	0.6748
	2481	2482	0.0868
	2482	2483	0.3244
	2483	2484	0.3893
	2484	2485	0.1148
	2485	2486	0.5911
	2486	2487	0.0505
	2487	2488	0.7196
	2488	2489	0.1431
	2489	2490	0.835
	2490	2491	0.3394
	2491	2492	0.2778
	2492	2493	0.4586
	2493	2494	0.2759
	2494	2495	0.2895
	2495	2496	0.3858
	2496	2497	0.1294
	2497	2498	0.5631
	2498	2499	0.8606
